-17.0479	-13.2045
-15.5974	-3.64371
-2.87288	-11.8934
-11.3686	-8.10929
-7.54697	-3.55251
-4.57173	-1.56815
4.61804	1.39453
-7.23004	8.78703
7.41101	-3.37091
-0.592625	0.0562207
-0.421196	1.03498
1.65497	-17.7294
-18.7439	-12.2934
-9.74125	-2.82193
-1.73048	-5.87616
-6.44867	-6.25106
-8.66091	-6.24716
-4.99993	-2.16165
-7.27983	-5.79852
-3.3601	1.29379
-2.53769	-7.49513
-9.09899	-0.48573
1.26393	-0.710093
-3.53132	-21.4177
-15.5895	-14.9999
-15.8216	-2.778
-2.58331	-5.74927
-11.194	-10.4893
-6.1579	-4.81108
-6.48718	-0.905987
0.586519	1.83317
-1.99628	-2.91842
-4.18092	1.49699
6.61407	5.15344
-0.296162	-2.51341
-4.46629	-27.3401
-23.8219	-11.4633
-10.6295	-1.36544
-2.82156	-14.6341
-12.1216	1.22095
-2.92725	-3.02459
-10.2932	6.04852
3.09259	-7.59158
-5.81089	8.92026
8.92347	1.68343
-1.01619	-6.48724
-6.27006	1.02312
-2.40136	-5.75118
-7.98207	-0.255687
-1.49797	2.1992
-2.72061	-11.6228
-9.65997	-10.814
-6.31954	-14.6796
-9.44072	-1.88803
0.0261335	-3.81616
-4.38227	0.0966939
5.80627	1.26309
-3.81042	6.01546
6.25395	-3.04905
-1.92903	-11.4597
-10.1997	5.2079
1.60889	0.172834
4.48651	-14.8742
-14.7274	-2.26112
-5.21601	-6.09119
-8.50772	-6.21061
-0.147148	0.224659
2.99308	-2.61045
-8.25794	-1.54677
-0.91478	0.00880574
0.564691	-2.22097
-1.12452	-22.1987
-18.2291	-5.17409
-5.40671	-1.55782
0.0888295	-23.1978
-27.0942	-6.71532
-7.56929	-5.96214
-5.0745	4.18603
5.52291	-4.01463
-1.2437	4.79657
5.95504	-5.32737
-2.67022	-10.8588
-13.0937	3.25598
3.18721	-7.02814
-5.38788	-0.110615
-2.40346	1.03908
-3.73085	-15.4199
-16.7119	-8.77656
-11.8337	-6.27914
-5.1928	6.99514
3.51095	-8.77784
-10.5067	5.42487
2.58614	-1.99949
-1.45448	-4.26986
-3.45449	-4.39088
-2.487	-13.366
-13.5238	-10.4888
-12.8131	-6.65712
-9.63981	-13.0077
-8.5257	-10.6424
-5.70966	-0.717202
-3.8555	6.66972
7.06667	3.63301
0.868338	-6.68506
-4.73464	0.904342
-2.26206	7.45476
3.73049	-6.4499
-5.44996	-6.00418
-6.42578	-3.52154
-3.84714	1.75409
1.75776	-18.032
-16.9454	-16.8825
-14.4741	-12.1573
-10.9714	-5.81569
-8.03774	-18.656
-20.0083	6.77254
2.18364	-1.76101
2.89325	1.29493
0.171078	-7.66906
-5.23335	-5.32304
-3.95482	-0.83417
-2.11418	5.24673
8.07839	-11.8717
-15.0781	-12.9414
-7.86647	-5.66293
-10.2469	-4.81374
-3.41153	-5.51373
-2.96161	3.44486
-5.38231	7.42172
1.23601	-1.01365
-1.91692	-10.1992
-4.27011	-7.58557
-8.949	-12.1312
-12.1462	-3.29697
-0.786846	-23.0709
-19.9348	2.09399
3.98854	-21.9341
-24.4493	-5.91424
-5.02369	-0.551326
1.42006	-12.398
-10.5932	5.22026
0.745951	0.877756
1.35198	8.26998
5.28015	-7.36442
-7.66693	-14.8129
-13.9648	-16.4818
-15.0614	-12.8578
-16.1274	4.14137
3.40393	-3.07355
-5.81259	-0.412877
-0.0856106	-2.88685
2.19174	-0.522629
0.710779	-5.32395
-1.62091	3.71891
-2.48743	-3.96606
-4.64518	-2.6308
-4.59741	-15.7083
-16.8352	-9.91814
-8.16428	-14.8157
-13.3317	-4.04255
-10.0728	-3.45495
-1.83827	-5.16812
-3.45206	-13.9507
-13.2943	-2.00218
-5.0167	0.389243
-1.79556	0.787525
4.21164	-1.43458
4.697	-11.3092
-11.6813	-4.98227
-5.42037	-5.08038
-5.6024	-12.7085
-19.2615	-7.15516
-6.08998	-10.9347
-11.6997	-7.92855
-3.83219	2.55926
0.391147	-4.2436
-5.70823	-8.22158
-8.24541	0.689993
12.4455	0.887435
0.467327	-13.3984
-14.9682	-11.1228
-13.3827	0.931823
0.0744338	-8.37609
-8.09317	-12.8874
-6.93209	-12.0496
-10.5873	-5.85411
-7.40657	-1.03195
-3.9527	0.134747
3.23359	-11.1193
-13.0677	6.25295
10.0697	-4.74808
-6.60376	-6.68276
-4.41178	-2.42393
-4.98367	7.70603
9.05139	0.93724
2.684	-11.6324
-7.98855	-2.57302
-4.71198	3.87929
4.34628	-4.62006
-0.624772	-0.28838
-0.383551	3.18082
4.01445	1.51874
-2.15788	-5.15861
-5.82048	-16.7926
-10.6224	-4.5588
-8.37529	-0.818967
-6.30107	-22.0219
-18.9915	-13.0694
-8.07672	-12.9578
-10.2785	14.9712
12.6449	-8.76388
-2.51002	-3.71164
2.34122	-9.31891
-10.5312	-2.50826
-0.0178015	1.23668
-2.05835	-11.2244
-15.3374	-14.971
-14.5772	-1.50632
-0.360274	-11.2876
-12.2585	2.28568
-2.30285	-8.38381
-11.8069	-0.244694
1.06763	4.28688
9.63695	1.84269
-0.381887	-1.69789
-2.18489	-1.85982
-14.3847	-18.7092
-18.462	-3.2845
-1.94142	-7.14566
-6.95357	-7.68595
-8.00274	-2.29771
1.6921	2.93044
4.19423	0.601819
-5.09004	0.462633
-0.618639	-2.76707
-1.21756	0.908974
2.84777	-2.72548
-4.99312	-24.1647
-21.9217	-1.80916
-3.81659	-3.34433
-0.741435	-0.825692
-2.20493	-3.88828
-3.04606	5.53446
7.41516	-1.98217
-6.73749	-0.7201
4.42823	0.588178
1.59211	0.655414
0.979094	-4.54614
-5.51629	3.15716
3.24039	-27.181
-23.8864	6.35523
3.27918	-3.4427
-1.42838	0.846555
1.01995	-8.5456
-6.21564	5.69029
8.16303	-1.45937
1.38071	4.51831
1.94109	-2.22402
-2.49878	-2.33124
-2.54803	4.5119
3.36926	-0.03438
-0.402575	-11.3597
-10.9313	6.15727
7.05087	-6.38798
-6.61002	-17.1847
-15.4619	-11.6875
-14.0708	-13.8389
-16.7243	-5.75244
-8.02906	-2.18776
-1.55983	-5.9614
-6.10235	-2.77817
-2.8177	2.73721
11.1014	-7.54792
-9.46119	-10.4505
-11.4488	5.85324
3.88241	0.168161
-0.0481542	-17.4987
-16.5151	-9.12951
-7.3759	-9.07143
-12.0093	-5.23743
-4.66465	-5.51072
-7.14909	-4.23555
-3.09729	7.87866
6.41765	0.714316
5.65025	-2.09333
3.12202	-18.0735
-18.4899	-13.3159
-12.4956	0.0971054
0.146133	-11.6229
-8.59865	-12.1803
-10.662	2.63254
2.63243	2.96568
-4.49736	-11.0291
-14.0353	-0.416231
4.85726	2.76049
7.69664	4.53881
4.0993	-4.33513
-2.25287	-2.91507
-3.29086	-4.60821
-4.39756	-7.11357
-9.85035	-18.6031
-18.0913	-10.7718
-8.34807	1.25388
-1.97285	-8.80731
-7.81854	-7.19932
-4.33903	16.0391
12.9626	-11.8601
-13.744	-5.92958
-2.78627	1.22377
-0.596769	-8.42082
-8.4999	-17.3015
-16.264	-10.1964
-7.3713	-19.6419
-21.2762	-4.2094
-7.48049	-9.16211
-13.8834	11.3845
12.555	-15.074
-17.9907	1.77106
2.18142	7.70185
2.36767	-8.22153
-7.50038	3.51106
6.24695	-5.56728
-7.18054	-2.81481
-3.19888	-0.754944
-1.7324	-18.8136
-16.61	-12.1177
-11.4988	-5.87198
-6.72774	1.20278
2.80769	-10.1357
-7.68129	-0.304685
-2.99974	3.12714
10.85	-7.432
-4.71615	-1.78435
0.100371	-23.8336
-24.2572	1.45014
0.5457	-5.72833
-6.98686	-8.43651
-8.02244	-4.6036
-5.10023	-8.08642
-8.49031	-5.48199
-6.58996	4.05962
2.53005	-8.63993
-5.7206	-2.32591
-2.97043	5.81011
4.58701	-2.52171
-1.365	-8.29903
-7.11949	1.22837
1.48273	2.22111
4.93385	-12.3754
-8.34241	-8.83089
-10.3172	-2.32705
1.27254	-5.51297
-7.52384	-6.89799
-2.72282	-1.06552
2.011	0.539934
-1.92197	3.17195
3.14936	3.15242
2.8576	-18.7025
-18.1364	-15.017
-12.7358	0.143282
-2.11474	-12.1207
-11.7364	-9.4756
-11.1601	-2.39547
0.212146	-4.6071
-6.02453	-11.4893
-9.27112	-5.51519
-4.87107	-11.5228
-7.087	-1.45684
2.68895	-3.15635
-1.54081	-5.65176
-3.52922	1.12273
-1.3059	8.30654
7.5429	-9.72357
-7.26809	-12.8049
-13.2869	-4.47405
-2.28664	-5.14465
-9.33151	-4.46739
-5.75993	-2.33866
-2.799	-6.19861
-5.34673	1.30874
-0.0619303	-5.7817
-5.07511	-8.40463
-9.36179	-0.953261
0.59456	-10.7033
-10.3942	-21.0575
-23.2442	-11.6673
-10.8038	-8.45903
-9.68026	-2.39964
-1.01548	6.26549
3.70878	6.55117
2.89302	-3.55969
-5.07959	7.34966
2.37291	-8.91309
0.19356	-16.4012
-15.7183	3.87271
0.856868	-4.58984
-5.27552	-14.1881
-14.3082	-3.1574
4.92946	-9.4634
-5.183	-0.373612
-6.85689	-4.80367
-1.90781	0.447231
-1.48244	7.28762
5.02875	7.14501
5.35247	0.957011
-1.95065	-17.3962
-18.1029	-10.269
-10.6381	-2.29643
-3.65615	-13.4229
-12.0866	-0.293641
0.346338	-10.2357
-2.17063	-2.22363
1.75402	-5.87558
-3.94757	2.13394
-2.16541	-3.06207
-0.775718	-2.12572
-3.2842	-4.27553
-3.27944	-18.1406
-17.2401	-13.5838
-14.3918	-0.618875
-1.68569	-10.3366
-9.98911	-5.11429
-5.3431	8.7388
3.89734	-0.0103234
-7.00657	-1.80707
1.46943	5.19449
1.916	-9.11245
-0.613793	-1.77739
-2.50668	-8.63039
-8.03128	-15.9719
-16.757	-15.7999
-15.7682	0.51401
-0.0524611	-15.1029
-13.5337	10.3505
5.99756	-13.8608
-13.7039	-6.15348
-6.46381	-8.80242
-11.628	-3.07825
1.1684	5.79288
5.98905	3.56853
9.12171	-4.00341
-4.3827	-6.66294
-6.75101	-1.14019
-1.0892	2.09724
4.26106	-16.7521
-18.6542	-15.1867
-13.8671	-11.3954
-13.3767	-5.75288
-7.37191	-10.9116
-9.50798	2.00891
-2.02667	-6.80012
-5.99357	-0.946242
-2.56906	-1.76681
-2.70289	-6.08683
-8.6876	0.394549
1.96475	3.34121
3.95055	-18.4817
-18.1557	-11.9761
-10.7131	-11.4437
-12.984	-5.47983
-6.65264	-3.79414
-1.63047	0.695719
1.55377	-5.95421
-8.37406	2.46357
2.11731	-1.56154
-3.28208	-3.50165
-2.62826	1.1475
1.40946	9.31298
9.09766	-7.78056
-8.7091	-9.93565
-10.822	-1.30886
-1.0361	-8.83202
-10.436	-8.41728
-2.00673	-2.98561
-3.27374	-10.654
-8.57908	-3.79322
2.92646	4.11319
3.69488	-21.5515
-19.1027	-1.47099
-9.85427	-0.743927
-1.99453	-1.78554
-5.67948	-15.5964
-14.2345	-6.93381
-5.67937	-11.0382
-2.12607	-1.60407
-3.12118	-2.6067
-3.7219	-8.73066
-5.17576	-6.60565
-5.84528	-2.71124
-1.99003	-2.09531
-2.18306	-2.56442
-2.80448	8.71741
9.77433	-4.01663
-4.47035	-14.9778
-12.8403	-0.179232
-3.04453	-8.69659
-2.31571	-1.33463
-6.30253	-2.72113
-2.15256	-9.07295
-8.98629	-2.02655
-0.257594	-6.4263
-6.55049	-2.29201
-4.45682	-2.59384
-1.64725	7.46388
8.07634	-3.80324
-2.53269	-10.1573
-4.48663	-7.01838
-5.09322	-3.95054
-2.35508	-0.027844
2.61334	-4.65178
-7.9391	-2.48971
1.42281	8.15089
5.21976	-7.40415
-7.01527	-12.0278
-14.0156	7.4991
8.07689	3.08488
1.79712	-16.7419
-16.2705	-3.03951
0.586292	-9.23276
-8.25726	-6.88521
-8.23917	3.01846
5.93032	-13.3302
-10.124	-7.09219
-7.21377	-1.59519
-2.88926	-0.117652
-0.288545	-21.2806
-23.6351	2.65248
1.1243	-6.05127
-10.6493	-9.9584
-2.86084	5.48539
6.69134	4.06414
1.25802	-1.52332
-1.84041	-1.29878
-2.69931	1.95005
1.21391	7.81783
7.94189	-2.96813
-0.919549	-0.0659983
-3.82803	-23.0786
-22.6215	-8.1763
-9.71607	-3.49888
2.22943	-16.1064
-21.8526	-10.1673
-4.28382	-14.5843
-16.0621	-8.28109
-4.26238	-1.41454
0.539858	-5.21034
-6.77358	-5.33269
-5.84944	11.9875
9.0232	-7.08199
-7.62852	-9.17958
-6.8077	0.659942
1.33815	6.10176
5.42684	-16.3705
-16.7956	-12.1962
-11.8007	-19.3488
-22.0804	2.81079
5.95967	-14.6266
-15.1435	1.5277
2.55571	-5.87
-7.1805	0.151565
3.49188	2.7075
-1.33529	-5.97611
-5.61298	-10.388
-11.6961	0.514489
0.0346403	-6.42397
-9.72812	-10.2692
1.43426	-10.6928
-4.41126	-2.70522
1.69738	-2.00438
1.4931	-4.38554
-4.62147	-1.07513
-0.608983	-0.940163
-4.88575	-9.98342
-5.59276	-9.95142
-9.55606	-16.9631
-15.9817	-3.42108
-4.18388	-19.6114
-19.9334	-2.15317
0.310535	-4.37616
-3.60526	6.31361
-1.20017	-14.2722
-16.257	-0.456013
-0.0296708	3.66845
1.61955	8.44565
-2.02229	3.47232
4.89974	-7.62528
-6.66531	-2.77507
-3.0436	6.19632
5.74347	-18.4026
-14.721	-7.70969
-0.960622	-27.7569
-25.6087	4.75765
3.26304	-3.0713
-4.45543	-16.0688
-8.93464	8.54317
7.7675	-2.54806
-2.17374	3.55623
6.5442	-14.4015
-16.7146	-5.70946
-1.95021	-9.65741
-9.85586	-7.64526
-7.35747	-12.7281
-5.5766	-1.42906
0.496452	-3.71387
-2.34384	-2.43929
0.540284	-0.229823
-0.0495478	-3.96157
0.732219	6.20916
4.01175	0.592003
-6.01743	-26.359
-27.6247	-3.17887
-0.142737	-5.57075
-8.28333	-5.72016
-3.07643	-5.71266
-6.99198	1.51769
7.79143	3.23337
4.80831	-8.82906
-6.27339	2.5616
-18.3846	-10.91
-11.39	1.265
-1.2025	-13.9288
-17.1753	-7.58441
-7.62304	-9.38899
-8.4033	-9.37383
-6.85189	-3.89222
-4.73527	10.7855
9.54392	10.898
9.18735	0.0136837
2.82924	2.08666
2.65284	-20.5809
-20.3665	-11.1725
-12.7099	-1.80953
-4.35876	-15.8849
-11.961	0.0941822
-3.5469	1.33899
-4.2435	-9.68612
-3.3584	-4.84194
-4.56478	9.17223
10.6056	4.69928
6.6367	6.43858
-0.177644	0.562895
0.465223	-19.6733
-19.3237	-12.2437
-14.0585	-6.06554
-0.541164	-11.7309
-6.23522	-11.0797
-12.5808	-0.80984
-3.05136	-3.44905
0.573521	2.96682
7.84986	0.232085
-0.498796	-5.1013
2.34157	-2.58584
-4.43571	3.88486
1.0144	-19.3696
-14.5976	-13.7122
-8.95446	-0.347383
2.19387	-7.55094
-6.42514	-2.0996
-1.685	-12.8113
-8.77678	-2.22235
-1.84904	-5.08566
-2.84147	-5.21063
-8.04993	-3.33428
-0.117615	0.192947
3.04493	-3.21714
-5.49852	-10.7916
-11.4427	-5.95161
-5.91087	-1.90573
-0.132357	-18.7588
-21.8023	-8.94011
-6.72637	-4.97857
-7.56539	-10.1267
-11.7258	2.13334
0.508463	3.46144
3.43653	-5.75205
-6.29899	5.54057
7.79708	-3.97662
-1.15184	-12.9263
-13.7497	5.81453
4.35586	-2.28874
-3.66008	-27.9756
-27.2134	-8.39087
-8.64561	2.04304
5.21174	1.46105
5.54096	-9.48764
-11.271	-4.54893
-6.6472	-1.90596
1.56265	2.95612
6.466	2.61972
4.8466	-11.5466
-11.51	-19.8371
-20.007	-7.71739
-7.04703	-3.91998
-4.86312	-1.75605
-2.71524	-16.6742
-15.5037	-1.79111
-2.75333	-8.87033
-3.47724	-5.70612
-5.27182	-1.78756
-5.81266	7.99203
6.31948	2.57725
4.96225	-15.2538
-16.2987	-18.5126
-18.7245	-10.5067
-6.35905	-5.85691
-9.8604	-3.61513
1.18668	0.705508
-1.65158	-1.94671
-2.86171	-14.5682
-17.6238	4.705
7.53814	-2.33852
-2.65917	-5.41874
-6.08058	-8.29451
-8.41266	-0.295743
-2.24881	-13.1831
-11.9713	-5.3679
-3.56876	-14.3371
-12.7933	-0.531397
-1.4322	-3.8015
-2.12706	-9.03642
-9.75499	1.29145
-3.78629	-4.16642
-2.39582	0.860831
1.58432	-1.48314
2.63417	-0.045647
2.84039	-2.29089
-3.60623	-6.0013
-7.71664	-11.6543
-10.1523	-12.9114
-12.957	-12.6704
-13.9037	-12.3347
-9.39276	0.912879
-6.28325	-7.36479
-11.2763	10.5832
7.63314	-11.3705
-14.3906	4.30588
1.65412	2.37928
0.0347859	-9.90162
-9.77975	-3.59967
-5.6009	-3.09408
-5.11605	-14.5829
-13.8533	-9.00598
-6.94756	-15.4586
-18.0209	7.28176
7.78994	-2.51343
3.13253	-0.163152
-5.77578	-0.156824
1.66801	-2.80354
-0.279183	0.424774
0.0666711	-20.2629
-19.2225	-5.75545
-6.15319	1.15192
1.23796	-17.0854
-9.92858	-2.01897
-4.20489	-7.93285
-9.65788	-5.4568
-8.41631	-2.61186
-6.43515	4.04488
3.54144	-5.64848
-3.20978	0.233802
4.1346	-2.60052
-3.34194	-9.78615
-9.48935	-5.11174
-7.12813	-1.73209
1.47437	-13.6256
-11.4506	-10.3785
-7.14593	-5.32823
-2.49911	-2.34734
-5.59797	-9.6914
-5.19839	2.94788
1.42691	8.35683
6.22757	-3.85989
-3.59052	1.06547
-1.10294	-16.1144
-12.8442	-4.09233
-4.67272	0.965875
0.735275	-15.6603
-18.9933	-13.637
-13.3049	2.65938
0.072137	6.92611
3.31045	-4.74735
0.383417	-7.56563
-11.6062	-6.2189
-4.11401	-2.94631
-2.15125	3.45782
2.19461	-8.56145
-8.00572	-16.1787
-15.9438	-3.1454
-1.55162	-8.65785
-10.3995	1.13576
-0.302939	-11.1338
-12.0088	1.58507
3.40005	-13.3838
-7.0551	-9.77326
-9.37165	1.7205
-1.05186	-4.21415
-3.14221	-1.63343
-1.40638	-5.41684
-5.05256	-2.39828
-2.31667	4.59456
5.08472	-13.534
-14.1328	-7.68275
-7.51422	-17.1812
-18.7207	-7.89962
-5.4079	-9.26693
-1.46046	-7.01024
-2.38478	-1.38729
-5.90302	-7.91762
-6.16654	-10.4879
-4.53506	-14.0726
-14.2609	-12.4638
-12.2756	-2.75824
-1.6592	-8.71596
-8.96324	-11.9841
-11.8756	3.94391
-1.64506	0.336862
-0.946858	2.16844
9.08291	7.63402
5.54263	0.277683
-2.19202	-11.8421
-2.27037	1.8139
0.775487	-10.3566
-6.66459	-11.8841
-9.48191	-12.2185
-10.6933	-10.3725
-11.6297	-7.42679
-7.70032	-8.6797
-6.30005	-8.91714
-7.83843	-7.82587
-10.0214	-5.82959
-7.9118	-0.476358
0.793507	-4.86153
-6.57909	-0.103873
2.82553	-5.31293
-6.18567	-3.71926
-4.40249	2.81709
-2.12964	-11.8295
-16.3001	-7.84943
-5.52199	-4.65666
-9.40726	3.94078
-2.92622	-2.92719
2.02179	4.49222
0.254117	0.905474
-2.57628	2.72342
4.15071	-8.15954
-5.61383	-7.30653
-7.77347	-18.3905
-17.8523	-10.6476
-10.7147	-11.3051
-13.4086	5.15362
7.10193	-10.0662
-11.5986	-3.52754
-4.99326	8.00614
10.2134	2.75808
1.5138	-3.43463
-2.45257	-2.82587
-2.01277	-4.52248
-2.45948	-17.3917
-22.4023	-4.19314
-2.90734	-2.50609
-1.54423	-9.51646
-8.57707	-4.75524
-6.52504	-16.233
-13.0977	-2.16623
-7.19062	-2.02249
-5.05138	3.89043
3.74147	-1.88879
-0.0122904	0.396223
1.79652	-8.57107
-3.63082	-5.90621
-5.55893	-2.82769
-3.35106	8.37984
8.09975	-16.4766
-15.8393	-10.0343
-10.8279	-10.6984
-2.14542	-12.665
-12.4287	-1.17661
-2.25826	-3.04782
-3.84114	-4.75109
-4.74496	8.84716
5.35911	-1.8861
-0.238327	-10.1103
-10.3626	-1.66276
0.238547	2.40006
3.24207	-18.1251
-14.2766	-6.44009
-11.3881	-15.3656
-13.5273	-2.45577
-5.35218	2.78795
-1.62262	-2.71059
-5.15416	-7.6398
-3.95141	-0.850833
-2.23071	-2.41499
-2.45891	-5.44177
-8.517	-10.5679
-8.5066	-1.82729
-3.97355	-12.4187
-14.1985	-1.9754
-5.47108	-7.0514
-1.89925	-7.75327
-4.52468	1.22113
-0.573756	3.87249
3.52315	-5.27147
2.52195	9.19399
3.32928	-1.67347
5.48092	-18.2302
-17.0618	-15.8945
-15.6682	-4.68838
-5.45945	-8.86852
-7.48571	-5.59262
-7.70155	-6.47634
-1.11956	-5.67842
0.187392	7.04319
-20.1281	-13.1764
-12.3626	1.57875
-1.43491	-8.90872
-7.11171	-9.13998
-12.0375	-3.83529
-1.53184	5.62117
3.41357	3.87384
6.00995	-1.56996
0.76449	-2.86794
-1.93617	1.98245
-2.2325	-0.609012
4.32592	-25.0346
-26.555	-4.75213
-3.8854	-3.86436
-10.0609	-12.1273
-8.45547	2.35417
1.65444	6.13555
2.70769	-5.59811
-6.14681	3.09507
-2.29601	-9.4754
-1.30084	6.46341
2.59261	2.79936
3.67699	-2.98516
-4.68226	-9.22351
-9.50398	5.25353
4.79541	-0.506292
-1.37196	-22.7549
-25.6149	-5.02548
-4.61517	-10.4262
-8.93802	-13.4236
-14.5957	2.84619
3.5826	3.32197
4.06869	-4.76265
-7.04951	1.12944
-2.49165	-10.2021
-13.6289	-8.47633
-10.0035	-6.53225
-3.63521	-1.92762
-6.2757	-10.143
-9.3446	-1.86617
2.46354	-7.30246
-13.4876	3.53065
7.54995	-6.13848
-3.43468	0.77885
1.37412	-7.42831
-0.814373	1.18972
5.40987	-6.58651
-3.08936	-8.06837
-6.50657	-13.4121
-14.3162	-5.66303
-6.8578	-18.5654
-18.7967	-7.46518
-4.1887	-10.4354
-10.9691	2.4107
2.50643	4.22549
4.20224	-2.50498
-6.58659	1.94665
0.237994	-12.4856
-5.66051	-3.19127
-4.63297	-2.61034
-3.79361	-5.29239
-6.18324	2.30075
4.09137	-11.029
-12.2321	-12.0257
-9.7399	-17.3922
-13.719	-10.2903
-7.41908	3.03253
-4.83219	-3.02047
-0.810606	-1.89181
1.83809	2.96807
-0.64333	5.29952
6.17122	-10.2491
-6.53786	-2.28615
-0.794879	3.00439
4.53931	-14.8965
-16.1665	-16.9776
-16.8386	-13.9667
-8.99258	2.17568
3.96256	-6.89317
-8.26936	-12.4523
-9.17953	6.06888
5.69278	6.15975
6.70822	4.36634
2.57483	-5.77137
-4.88376	-5.13983
-5.40915	0.601585
0.371458	-7.76774
-7.1819	-7.7468
-9.14783	-20.6115
-21.081	-10.3056
-11.0638	-5.11019
-3.06717	-3.78523
-6.41243	-7.14225
-7.43749	-0.12137
-2.60841	-0.656045
-0.332531	-7.95034
-6.20892	-4.54285
-5.13327	-3.2572
-5.72766	-5.22642
-7.62925	-8.38723
-2.73366	-3.81705
0.331964	7.05906
5.03581	0.327941
-2.53106	-4.01525
-1.70855	4.01361
-0.408807	-6.38622
0.805184	-1.19458
-1.64859	-21.3223
-21.8682	-11.9553
-11.5788	0.486841
-3.46329	-8.18215
-11.2849	-2.40576
1.40066	-18.8992
-20.4798	5.36824
6.51599	4.87933
9.08763	-4.23981
-3.03683	-2.91624
-2.36015	-1.56438
-4.58494	-5.03394
-3.62623	-19.8696
-18.4877	-0.250235
-1.449	-7.84175
-4.89737	-11.7353
-13.6232	-1.78123
-1.15984	-11.6362
-8.83489	11.8047
9.47358	0.364157
3.50768	-19.8827
-18.3488	-2.44915
-3.8384	4.20288
-0.822388	-1.78486
1.49961	-5.643
-8.86635	-15.3594
-18.5042	-9.19878
-6.97695	-5.49219
-9.22235	-1.89633
-2.43048	1.16253
0.9556	0.129128
0.880054	2.12761
13.7176	-5.12104
-0.720782	-6.47642
-4.80439	-5.82657
-7.0589	-0.638401
2.49212	-7.90486
-8.36569	-18.8203
-19.4966	-9.68161
-10.6359	-17.0109
-16.4844	7.68761
8.83609	-1.35221
0.908855	-3.22189
-0.108062	9.47468
5.88697	-3.64136
-0.869559	-6.94748
-3.59865	-5.70844
-8.11405	-4.2354
-5.15893	-5.49579
-4.04762	-17.7754
-17.4571	-15.7397
-11.886	-11.4949
-12.8348	0.637874
-1.55595	-3.95863
-6.76906	5.43189
0.390375	0.558925
0.501096	-6.99134
-1.48401	-2.38673
1.20015	5.24346
5.61074	3.70855
-0.873468	-7.58618
-7.8212	-14.5882
-13.0689	-1.53195
-13.6147	-10.2459
-7.35647	-8.30931
-6.85963	-17.0425
-13.2614	-9.17714
2.27888	5.13133
-0.24705	-1.88654
-0.1813	-9.0137
-5.0404	3.14383
3.27855	-3.81598
-0.371556	0.293255
-1.6079	-2.57402
-0.834214	-19.9459
-20.4363	-12.837
-6.35874	0.0448164
-4.83707	-10.3825
-12.445	5.39677
6.07588	-9.60979
-9.83884	1.37781
-3.72339	-7.44481
-9.67964	3.53725
8.31799	-1.40734
3.43075	5.02805
3.49094	-1.16965
-2.4636	-23.5687
-22.635	-7.79835
-7.00338	-4.51163
-5.34491	-10.6132
-9.05511	6.70656
3.16157	-9.97809
-1.08425	-7.04652
-3.28097	-6.01823
-4.9707	11.037
5.56274	5.66442
4.83746	6.21708
7.60727	-5.22503
-4.51367	-21.8526
-22.8992	-9.79545
-8.66916	-6.25819
-8.04678	-16.1123
-13.2442	0.209227
-1.16509	-0.721676
-7.02043	-1.12738
1.33415	2.73019
1.77886	-4.10147
-4.65803	-3.67821
-1.03173	1.34245
-5.07758	-3.8197
-9.18964	-16.9755
-16.679	-19.8236
-20.0543	-3.0896
-3.66475	-5.5976
-5.4815	-5.47066
-10.9033	3.02151
-1.58412	0.551007
-1.00092	1.35735
11.6608	0.150706
-7.22841	9.32327
7.82549	-4.85668
0.632356	-0.64577
-3.05901	-7.51432
-8.27883	-10.0191
-10.3923	-10.4326
-9.41325	-22.8707
-20.1225	-17.2369
-13.0405	-4.43901
-5.2219	-1.14184
-4.08016	-8.31778
-3.21198	-7.704
-8.92778	7.66201
5.50482	0.805169
-3.0274	-4.85665
-1.97848	-10.4567
-10.733	3.37301
3.83128	-5.9951
-3.71314	-17.6578
-14.4708	-10.1805
-13.3215	-12.3737
-12.5746	-1.94757
0.302549	-0.226865
0.548618	-17.0893
-10.1285	-0.396789
1.07817	-0.543469
0.259205	-2.86721
-1.48124	-0.953399
-0.446463	-2.09125
-3.71327	-6.781
-11.1712	-13.863
-12.9339	-15.6139
-13.2163	1.29172
-1.81383	-5.43068
-6.27651	-6.77267
-5.26264	-9.69482
-9.21382	8.5712
7.01922	7.71506
4.22599	-6.05666
-7.3399	0.222067
0.794874	-1.27191
-2.1449	-17.7359
-16.0249	-12.5711
-11.0523	-3.60767
-4.93816	-17.7674
-17.8615	-9.27506
-5.04686	-1.01743
-4.79079	-6.16404
-6.71381	-4.17447
-3.22989	3.137
6.25273	-1.39789
-2.9246	-4.68238
-4.94828	-11.5107
-9.35321	0.965276
-2.27278	-13.4806
-11.691	-13.7164
-15.7553	-19.119
-19.9571	4.50343
5.97769	-3.88218
-4.33811	-20.2219
-18.9423	5.93146
2.97601	0.443976
3.39943	-9.16238
-8.71015	-5.04728
-4.81885	-7.74018
-9.95804	-3.57993
-5.95756	-9.45848
-8.79391	0.0755747
3.30434	-16.4508
-14.9914	-3.83668
-2.70905	-4.80007
-6.36075	-4.45905
-4.81867	-4.46118
-3.5162	3.33334
2.57275	-3.02612
2.44421	-25.7088
-24.5066	1.42573
0.430876	-10.4551
-9.40318	-7.31831
-2.82476	-3.84841
-3.0019	-6.19018
-5.69287	8.74678
8.68337	-10.4978
-14.6607	4.36412
2.48146	-5.20567
-3.9868	4.7651
3.26673	-2.29865
-0.416146	-5.65728
-5.40316	-2.50303
-2.57365	-3.26245
-0.676804	-15.9404
-16.283	-11.1196
-13.2825	-12.9045
-5.07417	-4.93239
-0.700566	-9.2325
-10.1034	0.68525
-2.77876	-3.51975
0.180328	-0.795267
-0.502411	3.49494
-0.43105	-10.0722
-10.4332	-17.9629
-14.9232	-6.93835
-6.22457	-16.009
-15.1896	-2.96082
-8.0904	-9.00493
-12.2444	4.36021
1.90499	-17.3781
-15.2774	-4.92302
-2.83079	1.52411
-2.31484	-4.13935
-0.500704	-2.14373
2.9109	-4.25741
-5.82028	-2.44088
-2.44656	-5.65346
-4.41447	-16.3918
-18.0614	-12.7863
-13.9919	-5.71808
-8.37647	-3.3475
5.19943	-7.55167
-6.68725	0.082991
-2.06962	1.68104
5.87486	-0.0685417
-3.0624	-3.72192
-3.52375	-2.1346
-5.18458	-9.26648
-9.42224	-14.7901
-15.1157	-14.583
-7.97123	4.73699
2.36748	-12.5595
-16.9458	0.0961131
1.19918	-4.93446
-8.36051	-7.08704
-11.4031	-2.35717
0.884093	-1.87116
-0.725796	5.49855
0.869942	-4.99186
-5.51581	-0.78279
-3.56786	0.577797
1.42583	-11.163
-10.9002	-11.4795
-10.8133	-15.1421
-17.0836	-3.76942
-1.33929	-5.24575
-4.26357	-4.28803
1.53147	5.61456
3.93063	0.833664
1.91534	4.28412
-0.655244	-24.1644
-25.6824	7.62499
8.23851	-8.8577
-9.69274	1.62726
1.20963	5.29943
6.26928	5.69272
3.24313	-0.397863
9.11164	-11.1301
-6.15637	6.94026
-8.23733	0.905474
4.14009	-3.57257
-4.55487	-19.4026
-18.946	-9.7456
-9.51925	-10.0095
-9.05573	-7.58156
-3.89825	7.70262
6.75457	-0.120624
0.968519	-3.72482
-4.53527	-0.853385
2.97882	-13.2111
-6.5145	-8.11639
-8.13529	-4.75833
-3.05331	1.66312
3.70147	-10.5151
-8.28909	-17.3491
-15.9758	-10.2015
-12.0475	-5.27698
-7.89733	-7.19069
-7.63065	-8.13216
-6.62157	-2.12444
1.22307	-0.218524
0.587038	0.852811
-0.580724	-2.26349
-4.39113	-2.10542
-3.95095	3.47979
2.87426	-12.1452
-15.8037	-11.8244
-14.75	-5.07142
-2.29766	-10.6286
-12.4974	-7.3732
-3.96864	5.41076
5.18125	-3.9143
-2.98572	-5.66106
1.10524	-2.51477
1.57618	-21.5724
-18.3537	-2.22966
-3.83338	0.218402
-0.130504	-18.0473
-19.2523	-11.1099
-12.598	-9.86794
-5.52773	-10.3553
-10.144	8.70285
6.35324	-3.47336
-1.64221	6.79366
8.91947	-5.98018
-8.47429	-2.44638
-2.32905	-3.69886
-4.9381	-0.0579837
-0.27709	3.87523
5.64835	-9.54143
-8.03745	-8.64159
-7.6361	-5.45368
-6.73738	0.0551814
1.18035	8.74784
12.9764	-7.687
-3.52822	2.46535
0.494198	-8.33659
-7.49056	-6.51856
-7.14882	-1.99282
-1.83458	-9.04476
-8.92987	-18.4139
-20.7379	-9.60107
-10.1539	-3.65563
-3.7332	0.442337
0.422632	-9.12191
-8.07581	-0.91749
0.105689	2.96595
4.22581	-3.41981
-1.36182	-0.296962
-5.45291	-0.874386
-0.554677	-12.2085
-11.894	-13.302
-12.2885	-10.5133
-6.61647	-17.9282
-14.0739	-6.52192
-4.44652	9.93893
3.19377	0.743129
-2.32581	-2.81755
3.08852	3.39049
9.37729	-5.45373
-1.46524	-4.76388
-6.48344	-6.39465
-5.63126	-14.7772
-5.99844	-3.5053
-0.50542	4.07833
7.33253	-19.0538
-15.1836	-8.64535
-2.45137	-7.10614
-6.77433	-8.57477
-4.01464	1.12828
-0.105673	2.06668
1.16129	-4.31341
0.137021	-6.83406
-0.90086	2.76284
0.714997	-17.722
-14.5093	4.39781
1.16363	2.05569
1.0103	-20.1036
-14.0004	-19.1212
-18.3333	-10.7835
-12.7896	-8.35171
-8.16057	7.93288
2.69111	6.75285
7.42506	-4.36907
1.49566	2.67636
2.86511	-10.4473
-12.0996	-1.38254
-1.00306	-8.29708
-9.7609	-15.6583
-15.1272	-10.2766
-10.2045	-11.1496
-12.5611	-7.10717
-3.61132	6.30244
9.17269	-2.14538
-2.19457	-2.97308
-0.62817	-9.89363
-9.62731	1.66954
0.399502	-8.13056
-7.37355	-6.10391
-4.29774	-11.3305
-7.91205	-0.021544
-4.28794	-17.137
-19.4924	-15.5774
-12.9205	-0.307046
-0.453003	2.92541
1.85956	4.34795
5.46793	0.832801
1.1833	-3.77899
-0.729142	0.881887
0.677635	-6.92692
-6.7806	-8.33072
-10.945	-3.12188
-1.10115	-4.17476
-9.2976	-21.5588
-22.656	-6.71329
-8.74794	-8.16115
-5.86671	-4.08877
0.321108	-0.13732
-0.862974	-0.140795
4.2694	0.683315
-2.31792	0.90551
-1.99925	-5.43267
-5.02285	-14.3431
-15.5562	-12.8831
-13.3527	-2.65086
-0.915241	-10.5691
-13.2398	-11.9552
-12.3039	-4.89009
-6.87932	3.1452
4.7853	1.6861
-4.61224	-2.64342
-9.92727	-2.08082
3.05942	4.17957
-5.00953	0.101203
1.16621	-17.8256
-18.6919	-7.49669
-5.21613	2.96674
2.13974	-11.445
-6.64175	-10.6067
-6.31244	-17.5047
-20.7106	-14.5923
-10.5022	-2.78958
-2.36547	-0.653712
-4.21419	-5.44787
-3.42746	-6.13763
-8.18656	-2.55864
-1.23733	-4.66186
-6.41562	-17.4673
-19.5017	-15.9597
-16.1151	-5.55872
-4.37465	6.03066
11.4124	-7.63812
-8.6702	-2.17198
-0.00512298	5.66919
7.30803	-25.6336
-21.1978	7.73338
8.23101	4.53066
3.24605	0.124798
1.28882	-5.21534
-5.65968	-16.4757
-14.0914	-11.7868
-10.9145	-3.4795
-3.67817	1.25502
0.0683593	-2.43206
-2.44202	2.15472
1.91431	-1.01443
2.21461	-3.9729
-6.04292	2.761
2.04106	4.91041
-0.981864	4.88263
-0.875005	-23.4902
-20.5214	-7.32199
-4.11314	-2.20698
-3.3603	-17.7865
-20.1241	-16.8503
-15.5601	-7.49286
-6.53889	-1.59043
0.202601	-0.67375
-6.20112	6.8602
6.19566	-0.0472873
-4.03135	-2.34974
-3.4263	-4.0654
0.619795	-12.4179
-10.9323	-12.5671
-13.5581	0.686198
1.03932	-13.5773
-13.6017	-8.92253
-8.85278	-18.8793
-16.5177	-11.1796
-10.2061	-8.9994
-10.2623	-1.04898
-1.32875	2.24344
2.20864	-3.02984
-3.74822	-1.46924
-1.94304	-4.27224
-5.11067	-14.3818
-14.4091	-7.18075
-9.46556	-1.28489
-3.50494	-3.5761
-4.26964	-13.7446
-13.0861	-6.30103
-6.24268	-4.80911
-8.82948	0.755814
5.75321	-1.41665
1.70755	1.06782
4.32327	7.24162
2.53155	-14.0011
-14.9045	-17.5299
-13.5445	-2.20199
4.00391	-8.34784
-2.71831	-6.9732
-10.4766	-3.88842
-1.7668	0.935773
-0.421528	3.36789
-17.3709	-11.3186
-10.2556	-4.96822
-0.933343	-14.1625
-12.7092	-9.18212
-11.3	-11.375
-9.30862	-1.34977
0.000927811	-2.29462
-2.21674	-0.0674554
4.18182	4.33786
0.365428	0.650612
1.10792	-1.89858
-0.966124	-18.6895
-18.7561	-10.2014
-9.4036	-5.9827
-6.95198	-15.3073
-14.6743	-4.15115
-1.73882	-4.57944
-1.62216	-9.5253
-5.25838	-7.65697
-9.21393	4.14587
4.65842	6.92304
5.48495	4.72632
1.35524	-2.72395
-2.84795	-18.5146
-18.4457	-14.0163
-10.9468	-8.17436
-5.47006	-10.3995
-9.70607	-6.89836
-7.75518	-5.96857
-1.92073	-1.23606
1.86098	2.61327
6.70206	7.86742
10.9889	4.58588
7.49806	-4.41848
-1.32494	-6.8988
-1.92799	-18.7715
-20.119	-11.3779
-13.2368	-2.31801
1.03055	-10.5691
-8.63686	-17.3243
-17.412	-10.5794
-11.622	-1.04921
-5.09595	-9.32096
-5.53495	0.722753
0.670094	-4.1125
-7.10871	2.76208
2.6538	-6.58753
-4.57254	-3.13584
-3.64068	-3.51607
-10.7037	-14.6745
-15.5073	-11.4248
-10.7197	-6.49961
-8.13356	-5.91483
-2.47965	10.4445
5.79227	-7.50483
-5.17639	-0.514209
-10.622	-11.5794
-1.9533	-6.17206
-5.58777	-0.434535
-3.36276	-15.6888
-17.5033	-10.989
-3.14717	-13.8108
-19.0542	-7.61947
-4.66966	-4.48517
-3.21459	-1.73132
-2.91588	3.56053
-2.73854	6.55055
7.79454	-1.60057
-6.5534	6.28278
2.03874	-3.61457
-8.71272	2.30576
2.51281	-17.5655
-13.6636	-2.77143
-5.13682	-5.80854
-5.58164	-16.7809
-17.5857	-17.6351
-14.9856	-5.25158
-9.769	3.36668
11.5927	-8.1834
-7.09819	0.777061
0.07626	-1.51812
-5.72463	-0.857282
-1.36755	-7.12178
-4.32692	-3.89521
-2.67453	-14.1605
-13.9066	-10.5516
-11.2916	-12.5791
-13.1139	-9.97636
-15.3092	-10.3688
-9.05396	-3.04383
-4.49932	-3.95138
0.469385	-0.523635
-1.67223	-0.492203
-3.39933	-2.07104
-2.84373	-3.44341
-4.29056	-7.7566
-6.64284	-13.2452
-11.6627	-6.05519
-5.33351	-18.3374
-19.8128	-14.296
-15.8155	-3.87777
-1.83019	4.6464
6.72194	1.17136
-0.465878	-0.54347
-2.77413	-2.78481
-2.80911	-9.274
-8.67218	0.417133
-1.88016	-17.8697
-15.6769	-20.6035
-12.3434	-6.71945
-9.87024	-12.9608
-13.4449	-0.470107
1.92686	-13.9469
-13.6383	3.16736
-0.555968	0.848582
3.96189	3.32679
0.954136	-9.27855
-6.27992	-4.75834
-5.66402	0.581397
7.74773	-2.06006
-2.64716	-4.57762
-2.25569	4.6922
5.89677	-7.26921
-8.28339	-13.5988
-12.8625	-10.0481
-10.6704	-4.62882
-5.26609	-8.42824
-8.60133	-0.952347
2.61477	-15.0727
-15.8387	0.375503
0.680137	-3.30631
-5.50001	-1.06934
-1.57591	-5.62672
-5.23961	-5.06723
-3.58422	-11.9201
-8.28222	-7.34786
-11.0555	-3.04827
-0.086919	-7.12498
-7.90694	-4.19844
-7.75912	3.88876
1.30931	-1.71836
-4.47724	2.63463
2.68324	5.8183
4.56346	-17.3143
-11.434	-7.51346
-13.1546	-14.1684
-13.6705	-8.53184
-8.7195	-1.89782
-2.55427	-0.576234
-1.81633	15.5942
11.5507	-5.43186
-7.55844	-15.6569
-13.3914	0.196832
-1.19974	-6.15993
-3.63744	-5.12453
-1.13366	-5.4223
-6.22909	-12.1667
-13.3322	-8.49222
-8.23864	-15.882
-15.0808	-3.40479
-5.94521	-2.59124
-2.06564	9.38845
9.4491	-5.32448
-6.21119	-13.4135
-11.2417	-0.872414
-0.2461	-3.41168
-1.6206	1.35136
0.754854	-6.27884
-7.52121	-14.2836
-14.8697	-9.43619
-9.56993	-17.3281
-14.5245	-4.57054
-8.05094	2.6876
1.6997	3.72586
0.0519469	-8.58821
-6.27614	-7.73129
-7.06168	2.8571
0.120741	-1.83499
-2.21846	4.8593
3.1035	-15.8584
-17.9423	-15.5524
-17.093	-7.7191
-1.08998	-4.39551
-17.4053	-6.14413
-9.19994	-7.618
-10.718	-4.64996
-0.936449	1.66622
4.28345	-1.1315
-2.09801	-2.0269
-7.92497	1.72865
-1.30509	-6.98073
-5.78766	-8.75458
-8.36613	-3.38993
-4.50302	-6.08635
-4.7506	-19.4877
-18.0173	-13.7111
-14.9354	-1.37498
-0.542292	12.3555
11.1984	-5.64452
-5.16677	-5.75499
-8.98788	2.47755
5.74003	-10.9524
-14.0472	-2.35543
-0.155898	-4.8628
-3.75576	-1.70213
-6.96202	-6.47257
-6.17372	-6.73866
-8.69591	-10.1001
-12.9751	-3.80929
-10.1301	13.4771
15.9442	-2.94294
-10.2009	2.15762
5.95289	2.2424
-1.83441	-12.8
-12.76	2.26033
1.55588	-8.66465
-6.64454	-10.6334
-11.2756	-9.41058
-11.9829	-10.59
-13.811	-15.6517
-13.3007	-0.925409
-1.93744	-3.63585
1.98668	-7.6216
-5.05994	4.62959
-0.198593	-4.51093
-1.58276	4.61568
0.422448	-0.723355
1.83957	-2.78822
-0.824405	-4.27146
-5.43969	-8.2626
-3.89089	-12.0404
-12.3372	-13.1565
-8.75776	-3.20834
-5.94126	8.01006
9.9661	-0.372361
-2.20934	-2.45608
-0.0155027	-0.854105
2.62224	-0.315528
-4.58152	-6.60108
-3.3665	-16.0677
-15.9898	-11.9166
-15.0669	-8.92439
-3.75652	-6.74513
-9.48687	-8.11181
-8.74288	-0.138372
-5.50355	-0.451
0.799603	6.39989
6.38567	4.03265
0.344939	3.09456
-16.0463	-10.7453
-10.362	-4.08023
-2.267	-12.0334
-11.7395	-0.334966
-3.76052	-8.28269
-9.40671	-2.62841
-6.7837	-13.104
-14.032	4.72793
4.99974	1.93159
7.32884	5.22696
7.901	2.6847
4.03865	-21.1229
-20.5893	-9.53869
-8.4736	-6.99524
-5.54619	-10.7674
-10.6062	-3.51363
-4.9969	-9.78505
-5.11258	1.02463
-1.94955	-8.16282
-9.77348	6.48717
7.37889	1.20229
-1.95257	-0.349502
0.379435	1.51717
9.06475	-19.4796
-18.7119	-13.6675
-14.4085	-4.68875
-3.8214	-7.17537
-4.07553	-4.68858
-5.42552	-2.76708
-2.74277	-6.58386
-5.29929	2.20623
-4.07407	9.65884
9.02893	1.07814
0.352955	-2.50609
-4.4673	-4.65218
-2.88018	-10.2362
-7.48237	-0.0617384
-3.1372	3.32994
1.07529	-8.09467
-7.69925	-3.45701
-2.4932	-21.1137
-16.2607	5.95913
3.56192	-12.2514
-6.5466	1.93277
2.47745	-16.9043
-10.1058	-4.7669
-5.89509	6.88222
5.63694	-5.00357
-7.98288	-17.3706
-17.7678	-10.8379
-8.06808	-3.13519
-2.69235	-12.5784
-13.2596	0.7924
-1.3637	2.15486
7.1732	-3.80188
-3.46347	-2.56757
-5.20295	-5.41671
-5.0276	-5.68882
-2.14439	-4.2262
-1.40419	-5.74699
-2.13719	-7.41805
-6.8465	-1.96443
0.279079	-9.79047
-10.2378	-15.7205
-20.1356	-11.0101
-11.6302	-0.836633
-3.75922	-4.72034
-5.96619	-3.20732
-3.85266	-7.13596
-6.39398	1.44021
-1.99594	2.06609
1.59624	-7.81578
-9.45794	6.86226
6.69881	-6.57354
-6.75946	-15.0866
-13.5495	-12.9227
-14.2833	-10.6463
-10.5028	-9.71141
-7.17791	-1.07128
-0.0599976	-8.70675
-8.76051	-2.30605
-2.78864	6.19404
2.64269	-4.3262
-1.36372	-7.12157
-7.66307	1.50358
1.19114	-5.45831
-6.27295	-18.4147
-16.4056	-15.7128
-14.1997	-14.6061
-6.87866	3.53155
2.89186	-8.38626
-5.7252	3.10081
6.97292	-2.548
-0.814341	3.8708
1.09878	-6.52866
-3.47261	-14.9858
-16.7842	-3.27289
-1.3517	5.16298
2.46101	-3.41759
-3.76895	-16.2188
-18.3969	-13.6215
-15.1933	-5.86681
-5.06152	-6.29993
-14.8972	4.24766
1.32944	-2.24255
7.60684	4.28828
1.03553	3.79396
3.9792	-10.2567
-10.5579	-12.5343
-11.6646	-8.92713
-7.90096	-6.64549
-8.53414	-6.07904
-6.74753	-10.6082
-7.70737	3.37963
-1.83555	-14.0255
-9.68269	0.569417
2.7851	-10.9797
-1.35708	2.94321
4.89441	-5.75288
-6.4534	-7.66231
-7.00728	3.19569
1.87347	-3.72295
-5.04992	-14.8065
-16.0664	-12.1975
-10.4328	-17.2764
-18.6568	-2.0542
-6.2529	2.15985
-1.27259	-12.3903
-9.27944	4.81274
7.00498	-3.57981
-5.87269	-2.30795
-7.24042	-19.4723
-21.1504	-6.05384
-6.74162	-3.67813
-3.31962	-13.2626
-14.3944	-5.86249
-9.68187	-12.545
-9.92822	2.90437
-1.8117	0.749397
4.70637	-1.13668
1.25249	-2.12742
-1.52057	-1.04721
0.419778	-10.6309
-8.1643	-18.8281
-18.4606	-12.2911
-12.4209	-11.4332
-13.1415	-5.08766
-11.7575	-0.259069
-4.28975	-5.89585
-5.54542	-3.0104
-1.65183	-3.64368
0.250624	-1.93183
1.53289	-6.46843
-6.52703	-0.563058
1.04193	-0.0538804
0.22866	-4.69456
-5.21664	1.5138
2.96395	5.03241
-3.39302	-7.11697
-8.28189	-6.22976
-8.46131	-9.79297
-6.08448	-4.65295
-6.61226	-2.19142
-4.76674	0.295522
-0.91999	-1.97395
-6.38659	-4.37938
-8.41601	-0.181595
5.78979	-5.65363
-4.72039	-9.71852
-9.35943	-11.9099
-9.01209	-9.87466
-8.10644	-7.29421
-7.59392	-16.8918
-16.6198	-6.05083
-4.48465	-0.130422
-1.97144	-2.58388
-2.91887	-9.0704
-11.7535	3.21321
1.76178	-7.0729
-8.08963	-8.5285
-10.0854	0.406349
2.58064	-5.09956
-4.04186	-12.561
-12.0268	-18.8372
-18.2195	-9.02299
-10.9339	-3.98853
-4.9356	-2.75871
-6.51098	1.55388
-0.852149	-1.06061
-1.28169	1.59466
1.66706	-4.23914
-2.98958	-9.61804
-9.08267	-2.20274
-2.42729	-9.6876
-11.179	-18.8869
-17.1423	-10.7823
-11.5599	6.68833
3.07145	10.1586
13.2356	-15.0678
-19.624	-5.13918
-0.319168	-3.22868
-2.02135	6.83566
10.1793	7.25233
9.39392	-8.50368
-10.5973	-16.8856
-14.7507	-3.20292
-2.47225	1.52054
1.77869	-2.03363
-4.21285	-8.70038
-4.86232	1.38771
2.94779	-4.86159
-2.64669	1.50879
10.3341	-0.626731
-1.89589	3.38108
-3.88965	-2.10927
-2.34563	-16.9214
-17.8757	-13.4132
-12.6306	-9.17567
-8.64037	-5.6631
-5.4849	-4.2147
-8.65808	2.24989
5.86226	2.07049
1.69007	-2.66752
-0.81035	-1.24902
1.34332	-7.73011
-12.2207	1.82846
-18.1181	-4.96264
-9.63904	-6.02303
-4.00475	-10.6334
-14.257	-4.25826
-4.15204	-3.12366
-1.3177	-0.700889
-0.0025961	-9.50504
-9.06972	7.41388
6.53625	3.92467
-0.483425	-2.61488
-3.16055	5.6093
-1.63898	-19.2331
-20.8238	-12.8638
-11.6509	-3.93204
-3.92862	-12.6499
-10.5615	-1.48596
-1.25	0.180858
1.57149	-1.58521
-0.412744	-4.36754
-2.84645	5.90412
8.36694	2.07934
-3.08988	2.85054
1.13081	-2.75249
-2.38711	-25.9245
-28.2668	-6.04553
-9.72669	-0.615725
-0.915052	-10.4051
-10.4382	-0.528009
-6.69639	-0.449366
6.06478	11.5601
10.7111	-24.5673
-21.3154	-1.55554
-0.967353	-2.25047
-1.51898	0.0576707
3.42949	-3.5184
-1.47643	-9.3325
-7.81115	-9.25772
-7.23187	1.31008
3.41005	-13.4231
-8.92317	-13.4761
-12.0617	-17.0422
-19.0717	0.592579
-2.97566	-11.4404
-10.5824	-3.2524
-2.97046	-9.07099
-4.42679	0.392571
-1.45878	-1.68852
0.485024	-5.59333
-4.86351	-7.73008
-6.71814	-4.2224
0.131057	-9.33213
-8.27263	-8.89936
-13.5814	-4.48959
-6.34792	-4.92282
-5.27372	-8.64743
-8.18746	-0.580269
1.34069	-1.60435
-7.41686	-1.55286
-0.516359	-11.6791
-10.3881	-2.9124
-2.9403	-5.54054
-6.64016	-0.648962
-9.55323	-6.57266
-14.4815	-3.74331
-0.602939	-1.76933
-3.28122	2.33157
2.54288	-1.02659
0.344441	4.883
9.26493	-12.2659
-7.43919	-7.05248
-5.09354	-2.09392
0.235663	-3.02297
-2.25417	-5.9021
-7.07988	-8.56883
-6.6191	-8.15957
-6.65831	-8.56155
-3.60423	-9.35792
-9.87067	-7.57663
4.49541	-7.00359
-1.52011	-1.29551
2.88374	-0.516231
0.249041	-4.38088
-2.83918	-4.97911
-3.51143	-6.25031
-5.76819	-10.1786
-11.7824	-14.6585
-16.1502	-11.6287
-12.4964	1.58606
2.04578	-10.4967
-7.81757	4.89817
2.71182	-11.0722
0.332323	-13.3055
-11.7016	-8.71774
-5.58121	1.51135
3.6074	6.07242
7.06183	-12.3506
-12.3271	-12.5232
-9.07559	-9.57439
-9.40351	-4.84023
-7.67005	5.34848
2.51069	-4.37591
-1.91494	3.89952
6.61582	1.00169
0.687596	-22.5435
-17.1313	-0.162048
0.047969	-4.70135
-2.32903	-1.11688
8.01482	-4.00182
-5.68363	-11.1348
-11.4096	-0.328657
-0.173045	-5.65687
-4.60063	-5.40386
-2.65289	-0.574923
-0.822346	0.811085
-7.60898	-10.11
-9.08896	-10.8315
-9.38223	-7.68272
-5.19734	-1.85324
-4.90013	-4.73426
-4.47851	-4.85152
-4.81128	-4.53943
-8.67906	-12.5639
-16.308	-12.471
-12.5835	2.02796
3.65544	-3.0051
-6.59004	10.3317
11.1839	-12.9854
-13.5698	-6.55482
-6.5017	1.84747
-0.516686	-2.47661
-0.124723	5.61315
2.75151	-7.47915
-6.32563	-6.82409
-4.51525	0.731126
1.46329	-12.9909
-6.37767	-15.2698
-14.4892	-5.14595
-1.69135	-5.90621
-4.22008	-16.4389
-15.8866	3.39162
-3.58334	-8.88772
-6.96933	2.71911
3.08712	0.137274
-3.16925	-7.98002
-9.46208	-4.0079
-2.93163	-7.59304
-5.61079	-5.77537
-6.75956	2.46885
3.61561	-8.01833
-10.3073	4.77367
3.41005	-8.01991
-6.25151	5.6841
-2.50397	-1.6929
5.01411	3.36329
0.617383	-2.95263
1.81488	-23.9695
-24.5032	-0.161299
-2.58733	-10.3028
-9.41407	-11.5629
-12.5642	6.54792
7.76657	-0.65621
-2.73176	6.42299
8.08325	-3.66593
-3.71357	0.374414
2.28917	-1.8139
-1.93543	0.231614
-4.30615	-3.81106
-1.07273	-19.1856
-19.4416	-9.04006
-9.43571	-8.23305
-6.8969	-16.2358
-13.6968	-6.58597
-6.34611	-5.42326
-4.587	2.87507
2.79491	-0.621539
-15.004	-11.3731
-8.74988	-2.95359
-1.61309	-5.29592
-7.96611	-4.16
-4.57914	-0.907157
1.89107	-1.52654
-6.26282	5.5452
0.516189	-0.0867735
-2.49151	0.154121
0.429746	-3.11067
1.18313	-4.48168
-4.34491	-23.7491
-21.7091	-4.87996
4.2701	-4.53527
-5.83919	-14.4945
-14.0126	-0.336247
-4.92191	0.0565622
-1.75885	5.26631
11.3999	-8.88788
-6.94308	9.38096
7.2232	-7.51773
-10.4333	-1.79045
-4.62898	-3.12949
-4.26186	-8.1568
-9.36457	-8.46826
-9.03626	-11.4511
-10.6325	-20.8317
-18.6609	-11.0607
-11.6735	11.4985
9.6213	5.07039
9.12039	-13.1813
-14.1303	4.0997
2.16138	-7.55226
-7.84339	-2.50044
-5.10852	1.36426
1.94722	-7.23306
-7.41225	-12.0571
-13.3291	-9.32513
-7.97647	-11.8647
-9.65767	-6.64159
-8.71251	-0.163896
-0.282524	6.13592
5.86013	-22.9283
-21.8576	1.26036
2.07574	-4.42681
-7.32842	4.18237
0.198629	4.17064
1.27337	-12.2618
-11.5311	-16.7589
-13.4995	-8.02242
-7.67336	-10.8165
-7.61198	-5.56558
-5.50402	1.05828
0.447243	-1.89222
4.59522	-6.21397
-9.48724	-5.03161
-2.83785	-3.85687
-3.04009	-3.07445
1.12679	-1.29318
-0.40628	-15.0911
-13.9793	-11.1124
-12.9227	-1.20799
-5.95505	-12.4415
-11.4039	-4.61456
-4.46375	-8.81839
-9.44794	2.31975
3.92103	-23.2723
-19.7854	1.89302
-3.92057	-0.874187
-1.46601	-1.47383
-4.78085	2.53228
0.72128	-7.12372
-6.21241	-0.674858
-0.673839	-0.701687
0.30075	-16.2467
-15.5426	-13.3065
-11.9662	-12.1627
-14.6228	2.8339
-0.0164832	-13.0602
-8.49934	-2.44149
-9.58486	-1.17096
-6.02632	-0.409796
-3.37828	3.73402
-0.0577241	-6.13695
-4.81765	-8.00871
-6.4871	-5.91073
-6.10547	-10.6536
-10.0376	-7.90983
-10.7652	-7.61028
-7.21972	-1.13803
-1.06217	-4.45161
-2.6461	-3.22873
-0.813228	-0.883319
-4.13174	0.504022
-2.14247	1.65153
1.58237	-0.730109
0.505856	-1.4082
-6.00952	-14.7604
-14.7906	-11.4111
-8.68618	-9.19052
-7.51004	-2.70693
-1.66763	13.9926
14.1077	-7.64266
-9.71244	9.59125
-1.14093	-15.1099
-17.3121	-9.31032
-6.38421	-1.63679
-2.43733	0.55651
-1.35881	-7.04462
-9.00514	5.23359
-1.59408	-2.20143
-6.18027	-4.92189
-3.72201	-2.83836
-2.59962	1.32947
2.90921	-1.16931
-0.300047	-1.37229
4.4842	1.63508
1.82868	-8.77156
-8.12953	-0.486088
-2.34134	-5.33379
-6.47797	-8.96912
-9.56136	-15.0365
-5.85045	-8.47787
-9.43086	-12.1851
-17.8868	-9.74533
-9.51911	2.36194
-0.34393	-2.67404
-6.65225	-5.19381
-2.26112	-4.98874
2.09184	-0.0743685
2.98139	2.1782
-3.1149	-6.0061
-5.48775	-13.8351
-12.8237	-10.2495
-11.161	-15.0562
-16.722	-4.00701
-6.61612	-0.539909
-1.64951	8.47647
8.58082	-11.3881
-10.8392	-0.792616
-0.0499628	-6.63827
-0.37806	-2.20691
-2.26239	-3.54632
-1.20382	-6.62872
-7.80586	1.06255
1.48741	-5.73294
-4.78607	-23.0577
-24.1059	-7.09663
-6.30041	-5.86947
-8.32543	-6.70213
-11.0669	10.9754
5.41651	-4.78448
-10.4766	-8.21223
-5.73292	-1.94443
-2.17923	-12.3643
-3.28382	-17.4131
-17.1281	-13.641
-7.70484	-0.171161
-4.75419	-15.7078
-18.601	-8.80848
-6.76838	-3.03559
-5.26825	-2.26569
-0.925845	0.984958
-1.68849	0.996097
-0.0266922	-4.05478
-3.22364	-2.72737
-0.745397	-4.58268
-2.4403	-12.6086
-10.7035	-10.5665
-3.67186	-4.62961
-5.6348	-5.17407
-4.21519	-4.66294
-5.89204	-7.41785
-7.33144	6.32539
15.4944	-9.53022
-10.6493	0.905313
3.02349	-0.266148
2.17738	2.0466
-0.857946	-1.79026
-1.03466	-21.7927
-20.6064	-6.2696
-4.93515	-9.01256
-16.1736	-9.67133
-14.2448	5.93787
2.38427	-4.73822
-8.41856	1.75762
-0.947289	-0.94589
-1.7473	0.74918
0.280468	2.5899
0.405431	-0.206479
1.47429	-4.424
-5.26814	-13.7089
-20.9158	-5.28643
6.1034	-9.40023
-18.7007	-2.89828
1.23841	-8.77373
-5.38659	-6.10949
-4.86429	5.18356
5.03045	-3.02571
-4.7779	1.94088
-3.24949	1.95576
1.87063	-1.58849
0.564483	2.57171
-0.0324117	-20.7821
-13.6589	1.17679
-1.49113	-9.41649
-9.01236	-17.8827
-13.8435	-16.9234
-15.8333	-7.97014
-10.8729	1.34398
-3.73559	2.9287
1.64147	1.48176
4.53082	-1.10807
-0.535946	0.0938217
3.30777	-10.4183
-11.3516	-2.33824
-1.81703	-3.70159
-6.38756	-11.8026
-10.6913	-15.2849
-6.75824	-6.08376
-2.76844	-9.08076
-11.0146	0.232011
0.921949	-2.31402
-0.604501	-7.17494
-8.48018	2.2119
8.16689	-9.23927
-4.21272	0.306403
-4.32875	-25.535
-24.786	5.51515
7.59413	-6.93594
-7.15185	-15.848
-16.4329	-1.62301
-8.13695	-11.5125
-9.76991	6.89318
7.58941	-3.27956
0.511961	-3.70218
-8.49371	2.26303
-0.251337	-12.7399
-15.0894	8.4428
5.20327	-9.82376
-8.93245	-3.54949
-0.300499	-1.82723
-4.86601	-15.5988
-13.4906	-6.71434
-8.34465	-8.29919
-17.3781	7.43321
3.8968	-13.9674
-11.9506	-11.4322
-7.03702	-0.440364
-1.35744	2.35665
5.7211	4.13987
4.31389	-25.5918
-25.158	2.99751
0.655834	-9.38361
-8.97533	-1.96971
-2.54501	-8.68127
-5.39145	3.63437
4.3589	4.42269
-1.47383	5.55362
8.17539	-5.81282
-2.1404	-3.40652
-0.0360049	-1.29848
1.16892	-3.81838
-1.79739	-12.9898
-19.9976	-1.29597
-2.38456	-6.83245
-7.74482	-13.6976
-16.429	1.22228
8.03288	-5.00429
-8.14506	7.08934
8.37265	-7.27992
-11.9508	2.82152
3.46113	-3.34129
0.0465071	-2.72543
-5.0915	3.58848
4.99226	-20.2283
-18.3642	-10.0334
-11.6267	2.91772
-0.814745	-0.676625
-2.24745	-1.97278
-4.91338	-11.1195
-14.7764	7.3455
0.087424	-15.5347
-8.62177	7.86113
0.828601	4.18782
5.00084	-2.26649
-3.25359	4.61797
1.81904	-15.4042
-14.8463	-10.4334
-11.3596	-3.60716
-5.67643	-5.01098
-7.51346	-3.8428
-6.52083	-2.95967
-3.04009	-1.44292
-6.60316	-3.26685
-16.9649	-13.6636
-15.1238	-14.4693
-6.4792	-9.418
-7.12045	-8.09697
-8.45862	-7.57168
-11.8726	4.51213
2.18678	-5.22402
-9.4585	-0.554504
9.55424	3.92717
6.32864	6.19366
2.96389	0.281639
-1.13779	-18.9517
-20.3169	-8.97856
-7.04785	-6.33231
-8.39896	-8.16037
-10.1006	-4.0338
0.0915826	-5.78548
-11.8732	2.62794
6.87793	-6.99024
-11.8902	4.99619
4.69269	6.69523
4.51941	3.62011
8.90099	2.84495
0.100801	-20.1417
-19.2301	-8.53384
-9.83342	-12.7367
-11.4442	-8.51689
-5.66052	-0.0054919
-1.75842	-9.21844
-5.00281	0.841594
0.899582	-5.81094
-5.89849	-10.1216
-6.24155	-3.19031
-1.34496	-0.013459
6.29247	-1.95365
0.856004	-18.2438
-21.1543	-14.9766
-11.4554	-4.71278
-5.31928	-0.369871
1.30363	-3.80273
-7.60912	-3.87552
-1.79968	3.5475
2.08195	-3.23213
4.0159	-0.85879
-1.51509	4.45389
1.88084	-1.17944
-2.74992	3.19046
1.60297	-5.11188
-3.26672	-7.91628
-4.43438	-16.8683
-17.176	-7.53516
-5.24489	-11.1632
-9.43137	-18.3532
-11.8353	6.02157
-4.05249	-3.53876
-1.42176	1.041
-0.120913	-8.22727
0.595339	0.195553
-3.21423	-4.38109
-4.92717	-14.7797
-9.70836	-5.47807
-7.48676	-14.8473
-17.4274	-11.7083
-10.2041	-4.64447
-4.66605	-15.1878
-12.1874	8.00383
5.42772	-5.55073
-7.65223	11.6593
9.32751	-10.1313
-11.9986	-3.35243
-2.77103	-1.89639
3.57819	-5.5313
-4.14434	-11.9267
-9.05875	-7.90897
-7.13674	-13.4414
-15.61	-2.66757
-2.95921	-16.4169
-12.7595	17.8876
18.748	-10.9311
-8.43233	1.42322
-1.20851	-8.09315
-7.68869	-6.20059
-6.49984	-0.328722
-1.04947	-12.0157
-14.5978	-7.95162
-9.3421	-11.3219
-9.59524	-13.0307
-11.5028	-5.35379
-7.64383	-2.56812
1.48683	4.35089
3.26002	-5.98423
0.384191	5.01488
2.23193	1.3513
2.93832	3.06965
-1.78987	0.268082
4.023	-9.12105
-11.0316	3.74816
3.03382	-3.37827
-3.5942	-24.1036
-25.3447	-11.1855
-10.9444	-7.08135
-1.5134	-3.6091
0.492474	-1.61072
-8.73008	0.261216
-6.37166	-2.39062
-2.97968	7.66499
4.74974	4.65316
2.33035	-4.68659
-4.34146	-6.97559
-7.58525	-4.01725
-1.92996	-9.6358
-9.18022	-7.69942
-7.48079	-18.4765
-18.8807	-7.13145
-7.20213	-13.574
-11.989	-0.454372
0.969973	1.2985
-1.36643	-5.14151
-9.44935	-0.987016
-2.76342	0.235839
-1.79274	-11.62
-13.3675	-11.4269
-14.508	-18.6884
-15.3956	1.03358
2.76612	-14.4686
-14.153	4.82151
8.57196	-1.49931
-9.07332	-18.7494
-13.4948	7.91995
5.55801	-0.943692
-0.386973	2.11658
3.77445	-10.4922
-8.81236	-8.14924
-5.30805	-2.36569
-2.06723	-13.7732
-9.87684	-12.862
-11.0382	-10.0619
-10.066	1.28326
-1.12033	-5.65723
-3.70352	-9.63328
-12.8743	0.480092
2.05651	2.61402
-0.591663	-3.96102
-1.54522	-8.0862
-7.98063	3.34915
1.70116	-5.07066
-3.78354	-18.7257
-20.6861	-6.61697
-7.46625	-13.9513
-8.96159	-5.53412
-5.42463	-0.503313
1.72733	-11.0895
-9.99132	3.42104
0.26403	-2.84245
-6.737	-1.17837
-0.45373	-4.2297
-7.42234	-6.4047
-5.59409	-8.17584
-10.1222	-14.2896
-14.8251	-0.244089
0.598973	-7.48931
-6.13498	-8.5156
-5.61497	-15.521
-9.92773	-0.610125
-1.26507	-9.79803
-10.2038	2.98367
3.10607	-2.21741
-4.34027	-8.63376
-8.38187	-4.198
-5.36229	3.90031
4.04054	-18.2941
-15.5262	-7.95151
-9.08702	-6.93747
-6.10934	4.27821
8.72806	-5.83448
-7.85751	-3.9281
-4.5373	1.86998
3.04506	-7.76286
-8.19937	1.18744
1.01076	-7.23592
-7.21643	-11.7836
-12.376	-7.85571
-7.69696	-13.2523
-12.4423	3.245
0.471236	-3.64589
-5.52147	6.95847
7.04537	-9.57955
-9.10173	-7.85519
-5.9219	-2.3737
-4.08425	0.106453
-3.98755	0.175966
2.37567	-13.1612
-12.2865	-16.8771
-15.3684	-10.4851
-11.5834	-9.93915
-13.7833	-7.76817
-2.43427	-3.24434
-2.63027	0.378115
3.69881	-6.13041
-1.46683	2.11599
2.65049	5.82174
3.41169	-5.05771
-3.99096	-0.551176
-1.82181	-10.7354
-6.46821	-3.18711
-4.0456	-4.53583
-5.19714	-22.6836
-23.8705	-14.366
-15.279	-3.82012
-14.2534	5.75731
7.79577	-8.5515
-10.6492	7.79295
5.05158	-4.71339
-0.649092	-1.75965
-1.94962	-2.78243
0.0382384	-6.72219
-4.73837	0.545925
-2.12117	1.34027
1.26594	-8
-9.03551	-10.8569
-4.57497	-16.2697
-15.1302	-7.11733
-5.08063	-8.3997
-3.45776	-10.4358
-15.8379	4.24326
10.0018	-1.47322
-2.88104	2.28648
1.18144	-6.12265
-4.28578	-13.154
-11.1329	-14.8122
-13.2307	-12.8642
-14.5863	-0.709625
-0.206936	-12.0221
-12.4396	8.99453
11.283	8.84565
6.09392	-23.0686
-23.7449	3.08321
5.31702	-10.631
-8.33284	3.84099
3.77049	-1.87554
-2.81716	-11.0373
-9.83953	-9.11416
-9.39424	-5.29725
-5.5189	-5.57906
-3.6894	-7.86993
-5.30722	2.93496
1.47836	-2.86715
-0.547178	-0.660788
3.1094	-12.0381
-12.5828	0.730996
-3.68127	-5.02702
-0.790248	-4.46204
-4.4656	-13.219
-13.0361	-9.55099
-8.8632	-18.9565
-19.5944	2.77209
5.12179	-11.2649
-12.485	1.9274
-0.43995	0.933787
3.86469	-4.97633
-8.29399	6.55341
6.42154	-1.50817
-0.0389326	-8.71059
-5.82351	-2.5983
-2.21878	-13.6981
-10.1389	-20.0883
-19.5829	-18.0532
-13.1284	-1.56703
-0.703431	-9.29547
-8.7851	1.8962
-0.585579	-8.88751
-4.53273	4.87738
4.12806	-1.71336
1.89699	-3.89073
-7.64412	-5.14375
-9.27957	-11.5626
-14.1	-14.3853
-17.2346	-8.27184
-6.1097	-11.1597
-11.0798	-9.17548
-1.92503	-12.231
-21.6124	2.41507
6.71587	-10.8497
-6.06948	8.10592
2.19667	-8.59154
-10.003	-4.16812
-7.09302	-1.01789
1.68204	-5.51515
-3.09334	-9.87344
-11.8761	-19.8716
-14.2996	-13.0497
-11.9956	2.17853
2.68895	-2.32726
-4.34205	0.255392
0.546875	-18.0661
-16.6164	-6.92881
-2.26398	-0.00120591
-0.889357	-3.44125
-0.414336	2.43028
4.51383	-15.7334
-17.3909	-10.0078
-10.523	-3.6182
-3.15184	-8.01123
-4.89502	-11.2682
-16.1885	-13.6837
-12.7193	-5.02533
-4.41192	-3.61004
-3.01141	-8.68477
-10.2932	5.16327
3.41956	3.49062
1.23768	1.35048
2.03908	3.44877
2.71142	-0.500089
-1.8809	1.04671
0.88291	-3.69954
-3.6142	-12.6343
-11.9434	-7.37031
-8.28617	0.948679
3.02141	-3.49314
1.12715	-6.36399
-7.68608	-14.7192
-13.8425	-10.2869
-11.0617	-4.29427
-7.57998	-3.01935
-1.244	-7.98312
-16.0719	-0.936677
6.52601	-3.55678
-0.823449	-8.06457
-8.09604	-14.7037
-15.1628	-15.2999
-13.7019	-2.0335
-2.46481	-4.65773
-5.62069	-3.13833
-4.62824	-1.75948
0.0325837	-4.6044
-8.31416	-10.0345
-10.1351	-7.54384
-6.60863	0.857006
4.58118	-1.40403
0.0247739	-2.61491
-1.84365	-1.736
-1.86991	3.22115
3.67326	-7.26461
-5.96759	-11.1577
-13.8154	-7.89794
-8.14978	-4.02279
-4.36316	-0.0591947
0.404432	-5.66596
-8.25272	0.238452
-1.41449	1.22301
3.15178	-2.07305
-0.0609252	-8.4122
-9.69016	3.97497
3.54855	-7.17228
-8.49549	-23.233
-24.719	-11.9346
-11.6331	1.45792
4.25699	2.01224
5.34767	0.955887
-3.18372	-1.37273
-5.95266	-5.15927
-6.04561	-8.01924
-6.62208	-3.08479
-4.38184	-9.32422
-9.69792	-10.0295
-8.90824	-3.85351
-5.17078	-18.828
-19.676	-16.4237
-17.232	-4.70772
-6.93047	-7.58883
-10.9047	-0.540443
-2.15142	-2.80654
-3.12534	-1.38171
-4.48022	3.62114
4.02926	-6.28397
-4.81233	-2.67091
-1.12472	-7.76626
-5.08838	-5.09904
-7.63162	-11.011
-8.26287	-10.0507
-14.6658	-5.15396
-12.2584	-1.92282
0.59278	-4.99322
-3.62171	-6.10366
-6.18117	-5.57365
-11.2889	5.07272
-0.353412	-7.15081
-4.73259	-2.94789
-4.06466	-1.68133
-1.16339	-0.322755
-2.74238	-10.8956
-15.7849	-13.7821
-11.7595	-7.27634
-7.62094	-7.85192
-5.93409	-0.555546
-0.840197	-6.70739
-7.75918	3.7048
-1.00576	-4.3604
-5.13778	2.11634
4.87866	-24.5942
-25.0735	-1.99288
-2.73274	-8.03914
-7.334	-2.85904
-0.124561	0.570971
3.92521	1.73109
-0.44775	1.80922
1.80586	3.81785
-1.22279	3.24721
-2.17036	4.97299
5.19915	-2.15708
-7.11714	3.30206
1.5956	-8.08093
-7.63313	-11.3802
-8.86315	-13.4293
-8.30682	-15.4176
-13.0807	-11.8332
-14.0608	-2.87967
-1.87828	0.389339
3.96126	-11.3328
-8.91501	-4.06258
-3.40303	-5.43213
-4.92132	-5.09985
-6.08319	-3.82432
-1.38589	-13.3701
-18.4084	9.36457
8.56988	-10.7364
-8.60073	-3.91006
-4.64878	-7.04551
-10.5482	-5.53103
-5.59832	-2.09994
-0.113546	-8.20208
-9.45656	-1.31322
1.11328	5.00845
2.82645	-10.4741
-8.30539	0.74765
0.391622	-4.22836
-3.18698	-4.71766
-5.06351	-6.72085
-6.14117	-12.9397
-14.0166	-13.6086
-13.6709	-8.87042
-6.3033	5.10619
8.16614	-0.661027
-3.07061	-4.95271
-4.70624	2.6644
0.49667	-7.28362
-5.55102	-2.9229
1.78317	-5.53247
-5.74737	-13.5503
-11.7993	-11.153
-10.5638	-16.6881
-16.9752	-14.8362
-13.8249	-0.484096
1.00449	0.44162
2.48425	-11.2398
-8.81456	4.6608
6.92337	-4.18596
-0.579558	-1.92842
-3.53541	-4.53733
-4.70467	-4.89333
-6.1494	-8.4299
-9.633	-14.1254
-13.019	-17.5023
-20.2754	-10.4097
-11.5485	4.0097
1.36002	2.48518
-0.574595	2.46912
4.06313	8.12483
4.03426	-5.62156
-4.86389	3.69298
5.28227	-6.68466
-7.16031	-8.99898
-9.26067	-0.868067
-3.97944	-2.47086
3.03466	-13.0449
-11.837	-16.7195
-14.4712	-9.21045
-12.5851	-8.26295
-0.415753	-3.24685
-5.00304	-7.10568
-10.0076	-7.49287
-5.62796	7.2624
3.33268	-6.77191
-2.25716	-12.0476
-10.2739	-3.24296
-4.61674	-8.18471
-5.53155	-19.0984
-16.3469	-11.6582
-15.7606	-2.95698
-4.81894	-7.65184
-4.10935	-2.81456
1.78713	-13.9109
-10.1253	-5.1475
-5.86808	3.4833
-2.02112	-1.67103
-0.433034	-2.56751
-1.99986	-2.75443
-1.10712	-4.24055
-0.709194	-11.6297
-11.7233	-12.9418
-15.3618	-6.24313
-1.27126	-1.37527
-2.2237	-2.60398
-5.22995	1.42763
0.462827	-1.72777
-0.822454	-3.7935
-4.49482	-1.30304
-1.66679	-3.72856
-5.20536	-11.6469
-12.1465	-15.0762
-13.6758	-16.9652
-15.6579	1.41128
3.27365	-6.84493
-7.00851	8.8097
9.80105	6.84817
4.42426	-7.23839
-4.48484	-6.11729
-3.85531	0.241841
-4.37359	-1.04425
-1.78281	-5.68489
-8.09564	-18.3988
-15.5966	-16.2634
-16.4636	-13.1404
-8.45106	1.84098
2.58375	3.69007
4.51127	-3.39798
-2.51939	0.570381
0.404181	-14.5931
-11.8171	-7.12375
-6.01952	0.357605
2.00511	3.80121
-1.1386	-16.0165
-15.0101	-14.4276
-12.6226	-9.07805
-12.232	-10.9136
-11.0864	-7.86191
-7.28998	4.24263
9.1458	2.03433
6.26712	3.41443
2.22833	-7.07262
-0.236104	0.91412
1.74602	-0.0710177
0.992512	-2.44347
-0.891188	-25.5923
-22.2726	-12.304
-15.0552	-10.4461
-8.19649	-8.01709
-8.61197	-5.55286
-5.3265	-5.42637
-0.706918	1.27225
3.75213	3.51565
3.17839	3.53985
4.82484	1.00249
3.404	1.15231
0.414308	-1.86759
2.21124	-15.7321
-16.3464	-14.949
-14.7356	-11.3317
-8.87203	-7.36899
-4.88735	-7.06048
-3.08334	-1.15047
-7.16699	2.41056
-2.72837	-0.329424
0.353572	2.05802
2.06038	0.285566
2.11771	4.61515
-1.77533	-1.29115
-4.30838	-18.7821
-17.4335	-13.2992
-11.4541	-7.55643
-6.77598	-9.50752
-7.00486	-3.70434
-4.1329	-2.37236
0.0847246	5.45759
3.02405	-0.587346
-1.58597	-3.4345
-14.9977	-9.89004
-10.963	0.185113
-0.452112	-3.19545
-5.50623	-9.8404
-5.61234	1.57201
-5.87539	-1.61523
-1.00918	-12.1473
-11.9105	-2.18215
-0.0642213	-3.47871
-0.202812	2.24163
0.748187	-2.37929
-0.738933	-17.808
-17.2783	-10.9101
-10.2085	-7.28939
-10.6973	-7.36431
-7.75469	-11.9568
-12.455	-7.36436
-10.3528	0.580377
0.835756	-7.24723
-5.17781	4.82508
9.5276	3.41776
4.12466	5.81696
-1.72048	-0.837872
1.31671	-19.3438
-18.9799	-9.73228
-8.76982	-6.79872
-4.91663	-10.6094
-10.5595	-4.81587
-1.74799	-7.45808
-8.87569	0.0154298
-1.42542	-7.62857
-10.6307	3.08983
2.55106	0.276371
2.67939	0.720728
1.94894	5.02038
6.23228	-17.9682
-19.6178	-8.44792
-8.74806	-2.96459
-5.77562	-8.57002
-6.62886	-6.8573
-6.409	-5.67883
-8.45527	2.59352
2.05785	7.62098
2.7769	1.14172
5.13384	-0.285196
-1.68444	-0.125078
2.60897	-5.09509
-4.96508	-22.0174
-20.9859	-9.90824
-11.3865	-7.3775
-6.58198	-10.1422
-6.7059	-4.18614
-3.62381	-3.11078
-4.5223	5.03843
-3.45329	-0.861053
-6.20454	-13.5563
-8.57072	-1.42887
-0.505069	0.883409
-3.12	1.90962
2.59421	-20.5879
-20.232	3.02581
4.56592	3.77812
4.38979	-12.0057
-11.8609	6.82619
8.24974	-11.0596
-9.44578	2.69995
-1.91119	-4.55177
-2.19632	-10.0077
-5.53295	-0.999893
1.28883	-0.341983
-4.37804	-0.801939
0.585189	-14.095
-13.3791	6.41505
4.13985	-0.795526
-1.52553	-21.2995
-22.0948	-15.8637
-17.7538	-0.668348
1.91093	-3.38762
4.77964	-0.775677
-6.51541	3.01069
-1.63697	-6.15538
-5.74563	7.12763
5.46455	-9.04757
-2.07155	-6.81254
-6.91157	-9.01124
-5.83761	0.247777
0.156957	-12.7446
-12.6068	-9.36716
-6.63551	-13.3387
-13.2034	2.48925
3.3618	-16.8956
-15.3162	-7.55943
-5.85719	0.47488
0.420246	2.92671
-0.702962	-0.270749
-1.73122	-4.0327
-2.35231	-1.82111
-1.11916	-1.99985
-2.94874	-10.4688
-10.9397	-15.2765
-17.6103	-17.5411
-15.5919	1.07334
0.0591284	-7.34487
-7.27075	-6.00806
-11.679	-3.55752
-7.49822	1.69582
2.13492	1.67818
-0.710931	-14.9224
-19.8725	-10.4232
-9.8541	-8.11832
-5.16374	-3.66045
-7.85529	-10.4222
-7.18104	-12.476
-12.285	12.9052
13.5846	-4.93354
-5.00418	-1.42705
0.527955	-5.04428
-6.29138	-4.36664
-4.25913	-7.20464
-6.9286	-7.09371
-5.33123	-15.9136
-13.1622	-9.90468
-10.5548	-18.4928
-20.3471	-6.6405
-7.3324	-9.82152
-10.9796	4.87975
6.05725	-5.13159
-4.5871	-1.96195
-0.388723	4.22723
-0.483244	-6.40973
-7.14221	-4.08938
-4.49904	-9.69502
-9.52482	-4.00034
-3.75716	-8.3172
-9.53301	-20.9698
-23.8498	-9.71941
-8.76532	0.0359014
-0.395602	-0.404949
0.888281	0.526746
0.549754	-2.31208
-4.33464	-4.26231
-3.79728	-2.82259
-2.95376	-0.479936
2.3158	-9.33029
-8.02243	-16.1378
-17.1226	-16.6452
-14.6681	-12.0975
-7.93199	-2.16702
-2.81402	0.0724418
-1.49005	9.74979
11.5222	-10.2668
-8.55003	-10.4175
-7.95411	-4.72221
-7.521	-4.66609
-0.725696	1.0781
-1.16034	-3.47061
-3.74432	-13.4187
-13.129	-18.0835
-16.7909	-6.83868
-10.1858	-7.34528
-6.90252	-0.389167
-2.08676	15.2828
13.3007	-5.60987
-10.327	-10.3094
-6.57421	1.59412
1.78189	-5.40757
-6.47676	1.40887
0.555493	-8.06669
-7.66864	-14.2241
-15.0127	-9.58013
-10.1199	-13.7932
-16.3193	-0.553326
1.43748	-7.03662
-4.92221	0.22284
5.75469	-16.7809
-16.0716	-4.48426
-9.6054	3.13438
-1.05462	1.36396
7.63671	5.98096
3.46666	-15.031
-15.2749	-14.3476
-14.3811	-9.85867
-8.75823	-9.04018
-10.5892	-6.87035
-0.935602	-2.79885
-7.5371	9.01162
1.38541	-22.697
-22.3468	-4.47929
4.19319	5.49274
2.34695	3.57393
4.9744	-0.615513
-2.85223	-7.02374
-6.38742	-8.65284
-7.76317	-2.9891
-1.68607	-9.38417
-9.47822	-14.95
-13.3399	-19.18
-15.3287	5.11373
0.909085	-7.36494
-5.80335	-1.88695
-2.87221	-0.88516
-0.736862	-2.88278
1.21538	2.77741
5.96342	-9.79467
-15.62	-0.369839
-1.21503	-11.1267
-11.8255	-4.77489
-4.87083	-1.58662
-3.71659	-3.01243
-1.18103	-4.9288
-8.5387	-1.92673
-1.15369	2.71647
-4.25376	5.28358
-0.0794817	-7.31139
-4.99367	5.57841
2.90607	-28.5098
-26.4017	-2.77316
-2.40172	-8.18446
-9.37456	-3.50484
-6.0089	2.70545
0.560102	4.65809
5.84143	-1.65027
-3.68237	0.798375
0.45181	-0.359401
-6.68906	6.96763
1.85897	-1.25626
-5.3621	-0.422986
0.308196	-9.15016
-8.38452	6.69408
7.06796	-3.06738
-5.25613	-18.4341
-18.4549	-6.94036
-6.1329	-15.5055
-19.1064	-1.08741
-5.07324	-0.0151511
2.61856	-18.6125
-18.2412	7.49509
4.22692	-6.64515
-5.6706	-3.64098
-2.77277	-8.80618
-10.3959	5.06735
2.46598	-10.3185
-10.156	-27.4974
-24.4888	-5.80371
-4.36311	-11.1475
-15.3712	-5.51102
-3.40126	1.51031
-7.14128	-1.70933
1.05027	2.71913
-0.173597	0.44445
-1.3709	1.39614
-0.21579	-20.3515
-21.961	-14.4041
-13.6429	-5.99348
-6.41741	-10.2068
-9.36953	-2.31728
-2.31957	-6.32291
-4.42286	-0.351899
4.52982	-7.9069
-5.18273	-0.626403
0.258256	4.97539
3.81122	-1.25925
0.693965	-4.40596
-3.11728	-19.0379
-20.5506	-14.1392
-15.7515	-6.1456
-1.68287	-8.69589
-7.8538	-10.8697
-6.56764	1.39748
2.7691	2.16098
4.16754	1.33897
1.11443	2.05985
5.83952	-5.76552
-8.49007	-6.18258
-5.66967	-7.96981
-0.775804	-20.3614
-21.4243	-14.9584
-11.5775	-3.06778
-2.42536	-7.81364
-6.45895	-4.70031
-5.1051	-0.434806
-2.11149	6.90276
2.68533	-2.18348
-1.58135	4.03166
0.57605	0.090206
-4.545	-1.39903
0.0767598	-5.26714
-2.5372	-15.5577
-8.82498	-12.4356
-12.1824	-6.77618
-7.33928	-3.60249
-3.51307	-4.19591
-2.78748	-17.0315
-16.3353	0.696451
0.147353	-13.8182
-14.9083	-1.10316
-0.138375	-3.17181
-1.09118	-7.00861
-7.11528	-3.34179
-4.97206	-1.82662
-1.84575	-7.21513
-8.30859	-3.33554
-0.651587	-1.1906
0.0504285	-10.4771
-4.31846	-16.9269
-12.9502	-9.57575
2.89432	-3.30503
1.19529	-6.43883
-8.90143	-5.70657
-8.3106	-4.74668
-3.3923	1.71241
-1.91638	-3.64856
-4.16937	-12.141
-10.082	-6.65584
-4.0841	-13.1855
-8.95931	-11.7403
-14.9252	-3.16486
1.76804	7.26084
12.3888	-2.46996
-3.30779	-7.08564
-6.99864	-2.21886
-3.05185	0.902935
3.31165	0.535083
-0.284249	-9.5817
-6.75354	-2.35508
-0.391637	0.512947
0.762439	-16.5938
-18.5859	-12.3304
-12.156	-9.85288
-15.0461	0.895012
-4.24201	-1.66235
-0.552996	-6.82434
-4.12263	-0.677843
6.1933	3.07994
2.55948	-1.16214
1.67621	-27.4095
-24.7171	-2.94563
-10.9	-4.93461
-3.9499	-10.5574
-11.3038	-4.98997
-6.73744	-9.55985
-9.56575	2.51165
5.12998	0.103485
-10.4586	5.27565
2.36546	4.00038
0.834207	-4.04279
-3.28985	-7.02828
-10.8867	-3.24936
-2.19631	-8.89666
-8.31749	-9.13345
-9.39815	-17.388
-16.4209	-14.4688
-12.9051	0.623122
-3.0972	-4.01041
-4.13883	-6.51766
-3.93164	0.0916508
-2.1413	-1.56595
2.00701	5.39557
10.2276	-1.88562
-5.09864	-13.8235
-13.5531	-12.2314
-13.1997	-7.6542
-4.81168	-8.72404
-10.8109	-9.01981
-1.72496	-5.99767
-5.19129	4.37826
-0.51805	-2.61592
-1.27197	0.426797
-3.60442	-7.83541
-8.16946	-4.78205
-3.71227	2.67413
6.4924	-3.22997
-2.32857	-15.2843
-13.8449	-19.9137
-21.3281	-5.99189
-9.3888	3.36106
1.82863	-6.58597
-9.43147	1.13621
-1.60916	-3.44614
-6.11378	-1.99932
0.770311	-1.21123
-4.66644	0.721196
-1.33941	-3.08366
2.51985	-3.05424
-4.0023	-7.29354
-5.22872	-0.133567
-1.62361	-8.80915
-7.9897	-5.8544
0.457893	-12.8225
-12.7979	0.12427
4.53337	-17.5137
-14.0023	-2.59394
-3.79796	-3.73189
-6.1943	6.67579
6.27423	4.40359
-2.05056	-5.057
-3.74199	-12.6738
-14.3237	-14.5549
-9.52763	-5.72594
-6.78173	0.645172
5.43474	-7.52036
-3.2896	-2.63874
-3.91013	-8.39533
-9.59746	2.51662
3.47937	1.32576
6.29288	-1.74105
-1.37349	1.37903
1.65817	-15.014
-14.9886	-11.8932
-12.0739	-2.63215
-3.30163	-6.49434
-4.64515	-3.80329
-4.20871	-5.68328
-5.34676	7.87509
8.08943	-3.46748
-15.5129	-8.32238
-10.6843	-5.68336
-7.36453	-5.36839
-6.80014	-13.6927
-9.7289	-0.307848
-1.16855	8.17855
9.39832	10.3338
8.73827	5.81505
3.55077	-10.779
-6.9181	-1.90794
1.33101	-6.60361
-9.73376	-0.489645
-1.01256	-6.65794
-5.32183	-2.8609
-0.665328	-2.99486
-4.65205	-6.83501
-5.40925	-15.5978
-13.4714	-1.46386
-1.42335	-12.9944
-13.9533	-2.54803
-1.38935	-4.4358
-7.40901	-6.27919
-3.17936	-1.19036
-0.40935	-4.03556
-3.66389	-2.41407
-2.63861	0.593766
0.563239	-5.75971
-1.48375	-4.58178
-8.22388	-4.06436
-5.33964	-9.36196
-8.82437	-8.25729
-7.54071	-2.97296
1.4856	-4.0703
-4.16171	0.205311
-2.98601	-7.70251
-3.65374	-18.7122
-18.1983	-10.5373
-6.06489	-5.53905
-6.56745	-6.32881
-6.61303	-1.18851
3.37352	2.46879
3.58862	6.58678
2.55326	-6.5578
-7.22522	8.55503
9.00493	-8.72074
-10.2791	-0.862323
0.739712	-11.4103
-13.0246	-1.90998
-0.765423	-8.88299
-6.54367	-22.0071
-22.2404	-19.5056
-18.4473	-1.23843
-0.0664138	-5.02883
-6.52352	3.01836
4.07573	-9.44698
-9.15999	-0.1333
-3.90202	4.60731
2.69796	5.67456
7.79816	-2.98993
-2.3549	0.657828
-0.37121	-3.06289
-3.66117	-19.1466
-18.6301	-19.0623
-14.2466	-10.7155
-8.82249	-3.37835
0.058323	-7.76448
-6.19363	0.192837
-1.91851	1.58162
-3.63582	0.782098
2.98163	5.71093
7.1522	-7.11277
-6.04188	-12.1871
-7.73531	-6.10132
0.709543	0.873596
0.940232	-9.40443
-9.57565	-9.36085
-9.09462	-7.08697
-6.92179	3.4149
0.60923	-3.37346
-4.74403	-3.5388
-2.56333	-3.17906
2.09742	-0.453326
-10.3401	-3.91375
-5.6923	-11.3828
-10.2855	-8.92455
-9.30331	-14.6353
-12.9241	-18.139
-16.0583	-9.85795
-11.7892	0.884381
-1.20906	4.34989
2.7872	-3.98186
-6.13067	-16.575
-11.72	1.84039
-0.435489	-6.03762
-3.30164	-8.01882
-5.53549	-5.03987
-11.7508	3.69008
5.28491	-4.76438
-6.03291	-16.329
-17.4922	-5.76682
-4.10131	-16.8257
-10.9857	0.411507
-3.45246	-4.4134
-2.48903	-7.76334
-11.8026	-2.41653
-0.927536	-4.41295
-4.95037	0.784036
-1.58047	-4.04762
-5.98268	-1.47266
-1.10867	-9.67667
-9.68178	-15.6917
-17.5488	-3.98717
-5.4449	-6.67461
-4.21345	-2.00664
-0.233943	-18.6631
-16.9497	-3.42382
0.45391	8.49752
10.098	1.46077
-1.21041	0.447076
-1.06055	-6.88344
-7.45092	-9.33699
-9.35161	-11.0199
-8.35429	-7.31488
-6.70709	-8.10033
-12.8339	-3.33577
-1.95577	-10.0289
-5.88663	-15.9486
-9.5814	1.10734
1.66473	2.07616
-1.47959	5.71305
2.1713	0.741332
1.39447	-17.5809
-16.884	-9.67564
-7.46507	-8.78791
-10.3983	-13.6248
-5.99977	-0.872024
-4.03595	-4.40147
-2.33358	-5.55204
-0.593017	0.303811
3.68963	3.4505
2.32611	7.72336
3.64118	-3.69389
-1.81525	-0.0102566
1.077	-25.4001
-27.5158	-5.48598
-1.26124	-3.99336
-7.5273	-9.24687
-10.1387	-5.39087
-5.68784	-4.01559
-8.85699	-9.01791
-5.86816	1.57766
2.06313	-11.6323
-9.10141	-10.1077
-9.79426	-2.90739
-5.83137	-1.61257
0.284541	-5.8909
-4.65255	1.254
-1.2809	-1.44511
-5.39133	-11.932
-15.8451	-3.76074
-1.54247	-4.5997
-5.75559	-1.70031
-2.79714	-9.86726
-8.17824	4.57035
5.73348	-0.0504372
-0.608021	2.33832
3.82125	-14.2618
-16.8082	-2.05981
-5.03888	-8.35891
-9.67068	-17.9849
-17.4018	-11.403
-9.35793	4.17118
4.77588	-3.43743
-1.46426	7.8928
7.39732	-6.75768
-5.66523	-17.825
-17.8532	7.98327
2.68475	0.278626
-1.59723	6.07769
4.26584	-11.2247
-12.4931	-16.4918
-17.8738	-11.6545
-8.93304	-5.87234
-5.68677	2.56846
-1.49249	-6.65463
-3.43264	5.12099
6.27011	-0.064579
3.77412	-0.151642
-0.0817015	5.05804
6.39847	0.208504
1.51591	-8.2295
-3.26347	-16.1745
-18.4095	-16.1107
-13.8219	-9.9166
-9.34653	-4.6651
-10.1708	-6.83004
-6.63794	-5.38572
0.3853	-0.803197
-2.06098	-1.01744
-1.12301	0.207725
0.266827	-1.68063
-4.14146	-1.13931
-0.986997	3.85894
0.856704	-18.4309
-19.0042	-18.9068
-16.9682	-5.12023
-10.3706	-8.66659
-9.66359	-4.7164
-8.9202	-1.99256
2.27879	-1.51652
-1.42864	-9.7502
-4.75824	1.16966
-16.3332	-9.50882
-9.69027	-6.03844
-2.23825	-11.0341
-10.8407	-2.79911
-1.32497	1.70585
0.470098	3.24289
1.82782	3.17266
7.80285	1.9721
2.56753	-2.65781
-5.14578	0.145943
0.130833	-6.21671
-0.179553	-7.72261
-8.52432	-2.20657
-2.80314	-18.3986
-15.1787	-2.63528
-6.90967	-11.6196
-5.14289	-7.76649
-12.7075	-3.43348
-10.7513	-5.29565
-2.29903	-5.21127
-3.87581	-3.95869
0.872355	-11.3427
-8.06808	3.53873
6.33338	-12.6632
-7.73943	1.53352
0.106454	-3.48719
-2.02914	-10.2562
-14.6656	-14.6845
-14.2413	-10.038
-7.70216	9.04358
8.42015	-14.9185
-13.0495	-3.42615
-1.60564	-5.55755
-3.99426	-4.9839
-2.60887	-2.65043
2.4129	-3.4729
-3.83592	-0.517505
0.477154	-1.36056
-5.42975	-7.42995
-4.10911	-15.0873
-14.4167	-6.18595
-11.3281	-8.31564
-3.40881	-12.0001
-11.684	-4.94545
-4.57734	2.05293
5.20422	-10.1957
-9.24192	-7.83593
-4.74579	-4.59143
-2.90749	-11.6443
-16.5107	-15.2555
-11.6856	-0.194166
-3.90308	-0.975031
0.710733	-19.9466
-16.4013	2.08497
4.26399	-17.5989
-17.3217	-8.9795
-6.9047	9.58921
7.12662	-2.05044
0.248779	1.38788
0.508926	-4.0546
-4.2895	-14.464
-14.6221	-0.805185
-7.50681	-8.07883
-11.4414	-5.50397
-3.44368	-9.79649
-3.47222	2.68607
-1.22619	-6.2984
-6.47633	-7.90886
-5.84389	-1.00081
-7.18299	3.1124
0.814613	2.13343
3.35591	-23.042
-22.9237	-0.567673
-6.31346	-19.1835
-8.8881	-2.0286
-0.177224	-1.58614
4.72847	-0.404872
1.73134	8.25059
10.5737	5.38221
3.14271	1.64858
3.71673	6.82417
1.14723	-3.70074
-1.93692	-1.63365
-0.614722	-21.1068
-21.984	-5.61943
-5.53167	-15.4903
-11.9732	-8.12165
-2.5399	5.44517
-0.881721	4.92687
-0.706439	4.72148
1.68787	-7.64773
-9.29838	1.06791
1.1318	9.9944
6.63648	-5.10511
-1.70599	-1.55576
-0.620652	-19.487
-19.2223	-12.0038
-9.34907	-9.8452
-11.1624	-14.3483
-13.6731	-4.13071
-3.80106	-2.10139
-7.03879	1.28118
0.368683	-5.33464
-11.6673	0.279441
1.89444	2.959
0.937156	-1.46692
-3.30485	-4.39912
-0.829033	-17.8675
-17.455	-9.36631
-11.4127	-3.21561
-6.73743	-6.01322
-6.98681	-1.55313
-1.26681	-1.48163
-2.66798	-1.99815
-2.08639	-2.90096
-2.96354	3.05603
3.57882	-2.9221
-3.09049	-0.358788
-0.312328	-1.99616
-3.15478	-24.2306
-21.4521	-11.8186
-7.17893	-2.6529
-3.05162	-14.5387
-12.1118	-4.82926
-7.13296	-2.98323
-3.11294	14.1457
14.7411	-14.0457
-12.251	-4.39483
-6.85746	-2.99866
-0.0382943	-10.303
-11.9012	-2.0522
-3.8659	-12.8623
-15.3493	-4.35995
-2.52776	-12.0228
-11.5919	-6.26829
-8.90206	-11.5242
-10.3947	6.03771
6.94376	5.08687
3.14844	-0.977645
2.53021	-8.61293
-6.19873	-2.49794
-0.160315	-4.59717
-4.8972	-7.74733
-4.4509	-17.8216
-14.7905	-9.19995
-7.85877	-9.61216
-12.6491	-10.9682
-13.3927	-1.55507
-1.50061	-7.18276
-6.44771	12.3297
10.4323	6.0124
2.57348	-9.55482
-13.0354	-2.88805
-8.39981	-8.87106
-7.10275	-4.06831
-5.9594	-2.75836
-2.11465	0.110063
-0.137229	-2.30875
0.848734	-8.68778
-7.77127	-10.9796
-10.9101	-4.03586
-6.02968	-0.253218
0.539921	-9.51781
-8.68281	-2.62162
-7.25057	-4.6036
-7.27628	1.88704
1.38911	-6.83669
-6.89417	-2.29371
-1.42713	3.10087
3.04265	5.73112
2.27785	-3.36868
-7.01198	-10.1087
-8.07067	-2.1662
-7.40381	-6.06557
-2.46433	-4.12268
-4.74799	-3.53779
-4.49467	-2.99906
-6.49209	2.1315
2.64331	-4.07569
-5.73271	-9.68563
-9.99751	5.06036
3.54741	-4.41531
-3.12054	-20.24
-15.5055	-19.4622
-13.7224	-6.64169
-4.39626	-14.9984
-10.8502	5.36626
2.45172	-4.61221
-7.83054	-6.58491
-8.39011	-4.04119
-0.284801	-6.54099
-8.02149	-2.22102
-3.36547	-8.58332
-11.6481	-6.82096
-7.00243	-20.6431
-20.9191	-1.9438
-3.62917	-10.095
-11.5088	-2.88097
-4.91115	5.85585
6.37794	4.30587
5.07441	-6.46388
-0.109313	-9.55371
-7.97391	-1.4093
-2.35701	-3.87402
-4.09323	-18.4062
-19.4997	-14.4612
-15.0148	-7.97116
-7.86379	0.922621
0.253232	0.427129
-4.58404	2.46799
4.39147	-1.12161
1.43697	-13.335
-12.217	0.883343
-1.49229	-6.53345
-1.20602	3.61584
-3.46685	-11.2005
-13.2345	-18.7464
-17.9556	-10.8828
-9.0384	-7.44547
-11.8743	-5.67437
-6.64856	0.718476
-2.58997	-3.12488
0.716532	-4.3183
0.942124	-1.67846
-6.75856	-8.72031
-5.68175	3.05059
2.27817	-4.76452
-4.31501	-17.3004
-16.3178	-11.9031
-12.4556	-3.74432
-6.3266	-6.32244
-8.34336	-1.42405
-8.24621	0.734136
3.73715	-1.57302
-3.07298	0.259321
-1.03326	-2.49829
1.94561	0.129579
-0.678956	7.74774
0.609417	2.13755
1.90592	-5.67719
-2.63065	-14.9588
-16.5705	-19.968
-20.1159	-14.0311
-12.6928	3.36045
1.2942	-6.24009
-6.64393	1.48005
4.17777	1.52395
-0.0715195	7.21754
5.78388	-3.37008
-0.670241	-5.30505
-1.55314	-7.48806
-4.69517	-2.03959
-3.64564	-6.35806
-5.23826	-4.4325
-8.65232	-12.9719
-6.99463	3.26518
-6.53004	-13.5114
-9.33121	10.4041
16.0303	-0.76819
-3.88127	10.182
13.418	-2.09418
-4.629	-7.90615
-5.40859	3.28416
1.44727	-25.205
-24.9432	3.13486
3.66885	-4.01854
-6.27502	-0.241175
-1.31774	4.35877
1.55154	-5.77927
-7.54965	15.3919
12.2902	-6.65878
-4.13231	2.63636
3.22509	-2.10344
-2.79074	-0.456965
-1.51142	1.65189
-0.184186	-4.63468
-2.67935	-11.3722
-11.6982	-15.3509
-16.2638	-11.4542
-8.24704	-4.5506
-4.04617	-10.7415
-10.5279	-3.71993
-0.19369	0.830167
4.96119	-5.75402
-2.67526	2.29955
-1.60372	-0.00398316
0.0437043	-2.06159
0.0860766	-9.17023
-12.6227	-13.1943
-13.0662	-5.99029
-11.642	-10.1761
-8.73232	-6.3492
-12.3479	-0.957681
-10.1064	-3.49165
4.98938	0.282589
-5.95135	-0.447403
-4.78027	5.88523
5.22617	-12.2621
-14.1048	-2.95247
-4.83804	-7.41644
-7.48039	-2.90196
-4.48872	-11.8519
-9.04127	-21.2104
-18.686	-15.2212
-13.1051	-4.61041
-0.967596	0.520901
-0.716459	-7.37423
-5.47401	-5.1786
-2.7484	-3.80275
-5.66831	0.225761
0.321906	-1.99321
-2.55513	-12.8914
-13.4388	5.10642
3.39565	-1.15303
-0.206852	-13.2168
-13.4175	3.90413
-2.17224	-12.0285
-10.8888	1.1652
3.51654	-5.6819
-5.73902	-3.12044
-2.38909	-2.64111
-4.17684	-0.115152
2.7183	-9.95862
-5.6581	-5.82955
-5.45416	-7.67828
-8.59389	-8.05086
-8.49528	-12.6098
-12.2594	6.71106
4.13147	-13.655
-11.3705	-0.529101
2.74029	-7.42031
-7.03151	-4.87588
-7.803	-0.42362
3.63591	-1.07644
-2.31371	5.34443
1.07894	-26.1833
-22.5656	5.76618
1.11823	-5.28372
-4.49666	-1.18204
-4.7741	12.8696
9.72	-11.5321
-13.9482	10.83
13.2203	-2.0086
0.125964	1.88512
2.73866	-0.499197
-1.32744	-0.32066
3.56358	-2.1052
-2.75281	-21.461
-20.1904	-8.61364
0.820506	-3.0096
-8.00398	-19.9992
-21.9046	-9.51866
-8.45042	-14.7518
-16.1425	-2.16906
-4.58187	1.08875
-1.87823	-7.06762
-5.19595	-4.38349
-1.90141	0.429695
-0.493805	-7.14859
-9.91573	-4.4424
-5.2407	-1.11324
-2.02412	-2.20275
-4.20608	-19.8404
-25.1644	-10.7337
-11.6999	-9.06504
-8.0871	-3.86002
0.439467	7.85428
4.07421	-2.82792
1.06252	-2.69055
-2.74649	2.81828
0.996419	-8.75809
-9.40263	-2.67936
-2.60965	-11.5448
-12.3831	-10.8961
-10.907	-16.8601
-13.7997	-11.2569
-8.64264	-1.84692
-3.76042	12.724
16.1891	-0.0830898
0.224582	-13.8539
-16.4018	1.26172
-0.690527	-1.22524
4.23497	-5.95811
-1.74309	-22.3065
-24.3302	-1.72379
2.33499	-13.3353
-11.4826	-1.669
-3.04743	-0.983521
-3.42	3.39199
6.33005	5.61956
5.77344	0.914344
4.73918	1.65946
-0.595169	3.64298
4.26146	-3.51341
-6.54981	-8.35163
-8.22342	-8.88559
-11.8185	0.888539
4.17853	-11.1255
-10.7731	-11.1224
-9.36523	0.742266
-5.39533	-10.4628
-10.9922	17.6086
17.3755	2.85966
-3.53584	0.64673
2.49873	2.38936
1.51588	0.653775
-2.15875	-6.29256
-2.40212	-20.1525
-13.6645	-2.55169
-1.37775	-3.04298
-1.59717	-22.0522
-24.8703	-10.6317
-8.75392	-11.2344
-9.74703	-2.42688
-2.96986	-4.0183
-6.2184	-5.04323
-1.92146	-8.10768
-2.94106	-0.568689
2.15334	1.28033
-1.19762	-27.9507
-27.1253	3.56988
1.64389	-8.69264
-6.24409	-6.3753
-8.10389	1.31452
4.03841	-2.31532
0.067427	-3.89742
-2.64152	3.79255
-2.56906	-0.548958
-1.96234	-0.408708
-0.921348	-2.5139
0.444747	-4.5388
-2.97786	-6.89429
-7.28742	-3.16924
-3.91975	-6.15944
-10.9009	-23.5894
-25.1248	-10.1872
-3.51945	-2.95544
0.472273	20.5116
14.0853	-10.695
-11.9559	-1.57037
-2.19267	-0.579349
-3.47292	-15.2989
-9.5062	8.35161
6.13969	-10.8921
-8.72727	-2.64864
-3.12611	-1.64069
0.510873	-16.9368
-17.3512	-12.1995
-8.23315	-2.11429
-14.6591	-1.4707
-3.75787	-4.41637
1.82415	-0.395755
-8.69186	0.0385382
4.85775	-0.0805909
1.18636	-0.251393
0.864983	-24.0294
-25.0556	-1.93597
-2.57519	-5.89476
-4.80403	-11.9293
-13.8284	-2.90299
-9.34246	-11.0498
-12.8913	-2.96751
0.299662	-6.81225
-4.12433	-0.477755
1.66245	2.66993
2.35382	-9.99188
-7.79599	-0.16947
0.316704	-13.6172
-10.2632	-6.25203
-6.53695	-7.592
-3.00447	-14.5915
-16.7245	-10.2632
-12.0985	0.784564
-1.24419	11.2992
10.2784	-10.1045
-10.6278	0.0350285
1.15636	2.7481
5.48916	3.73148
6.07058	-2.05341
-0.731709	-26.7479
-27.7159	-1.37897
1.24761	-6.75296
-10.2707	-6.40587
-3.67475	-2.71738
-1.70687	0.715106
-1.70019	1.52215
-2.11265	-2.65704
3.05448	2.24535
2.51729	4.64368
4.23996	-3.02117
-4.4318	-0.291396
1.30436	-21.9222
-21.7241	-8.08425
-7.17065	-12.7267
-10.2499	-8.03018
-3.6884	-11.4462
-12.6989	-2.34687
1.03096	-9.17667
-8.3213	3.05107
6.80309	7.59545
0.397461	-7.61997
-0.958895	-1.07587
1.55307	0.132727
-17.5683	-10.548
-10.1608	-5.37313
-5.80789	-14.0474
-13.2915	-9.28949
-6.25825	-7.7664
-4.93479	-7.75942
-8.88702	-13.9117
-9.27088	10.997
5.21476	-1.57085
0.702981	-3.82112
0.705931	2.66938
-4.21687	-21.5736
-21.8407	-7.19301
-4.75073	-7.82409
-7.40494	-17.2405
-13.8558	4.9309
2.41529	-8.32792
-7.17116	3.02299
-4.47224	-7.53071
-7.79952	3.27198
2.71698	-6.20532
-3.35177	-1.88777
-0.766875	0.0322354
-1.54977	-18.285
-18.8418	-13.9306
-12.9888	-1.86769
-4.17253	-9.79294
-4.71568	-11.4976
-8.84124	2.96456
1.90894	3.04462
2.00605	-5.89799
-8.46703	2.2414
3.95334	2.04063
0.968949	1.36698
-2.56726	-2.06951
-2.66064	-17.3379
-16.8952	-15.609
-4.74563	2.4715
2.8225	-17.34
-21.2883	0.771262
-1.90523	-14.3877
-17.0643	-5.80613
-5.85794	-0.326172
1.47549	-15.582
-15.279	3.30007
2.12131	-1.5964
-1.60509	-4.65034
-3.50099	-13.9262
-15.1825	-10.1966
-10.7772	-0.714075
-3.03776	-12.0804
-16.9665	-0.0419616
2.05748	-3.21344
-2.65035	-1.75734
2.58135	-0.611944
-6.25352	-4.9503
-5.00987	-4.63938
-0.759115	1.55318
1.09337	1.83616
2.30847	-5.49658
-6.38182	-19.8565
-17.5365	-8.52142
-5.30361	-12.1353
-7.23788	-4.1058
0.459359	-5.15241
0.852077	5.94639
5.0215	1.81199
-8.11882	-1.66927
0.16941	-3.34491
-5.22888	8.57175
10.5127	2.48677
-1.81177	-22.8684
-25.2543	2.8359
1.41388	-8.30964
-8.07368	-0.851626
-0.580616	1.13191
-0.980325	-8.20854
-9.3054	10.539
10.8716	-6.97522
-7.13372	-0.00342033
2.78933	-6.00823
-8.68741	-9.01849
-8.79881	3.04227
1.23278	-3.84728
-3.75447	-9.2905
-9.34255	-17.0494
-17.7906	-12.3586
-10.3447	-0.866512
-3.66446	-1.36412
-0.614892	0.193673
-4.56939	-5.35925
-4.64301	2.70116
4.00643	-8.36854
-10.1647	-3.49242
-1.61332	-0.203765
4.56127	-4.05935
-7.1155	-20.4399
-17.8737	-14.1698
-9.76047	-8.16172
-6.08434	-8.63035
-2.52539	6.37243
3.10165	-7.10228
-2.9621	-4.07918
-0.5878	3.82136
-4.44773	-7.48454
-0.0371425	0.0261906
-2.54643	-4.17987
2.27644	-16.1041
-17.3698	-14.597
-15.8357	-4.2204
-4.36118	-7.03023
-5.12461	-3.9862
-5.99575	2.43186
0.57453	-4.97515
-5.7092	-6.22105
-0.99248	0.6529
1.69108	4.37672
2.52076	4.91089
2.24547	-7.33409
-3.47537	-11.0451
-10.7451	-1.77584
-1.22743	-8.4366
-8.20298	-24.0105
-22.9709	-9.02918
-8.42709	-7.81248
-7.67293	-3.78596
-5.33388	9.70299
9.17371	-3.24941
-0.960488	-1.20827
1.54015	-2.19362
-4.86835	-5.1217
-3.892	-10.9489
-11.7511	-6.85668
-9.71477	-7.07348
-8.87548	-19.6109
-15.9635	-0.91063
-0.770208	-11.9281
-8.02575	3.81474
-1.30313	2.69712
-7.41633	-5.54814
-6.17146	-8.90395
-7.20573	-2.82435
0.095899	-3.02517
2.1762	-3.00627
-2.39459	-4.2679
-5.02015	-5.499
-2.9119	-12.9242
-5.34489	-8.78371
-11.1377	-12.5162
-6.95026	-1.01528
6.9348	-7.53225
-13.9547	-1.36286
-3.08358	-4.30002
0.0453748	-5.90765
-8.28884	-0.898637
1.69255	-5.98678
-5.84205	-18.0317
-17.8484	-8.07976
-10.371	-15.5213
-15.6374	5.31819
5.62634	-12.5893
-14.0125	11.1007
12.902	-20.5774
-19.8418	-14.3597
-12.5666	9.20249
11.1881	-1.60381
-2.11804	3.72366
2.38378	-8.47945
-8.97441	-18.0637
-17.7547	-1.78539
-1.80246	-17.4776
-15.3404	1.87229
-3.28071	-12.6394
-14.474	3.53681
0.625393	-9.8429
-9.05389	-6.2367
-3.51147	1.74065
2.16096	-3.91533
0.44975	-0.782301
-0.229732	-13.7324
-14.3603	-14.2641
-11.8653	-3.76524
-1.91433	-8.60639
-9.10833	-1.92413
0.817187	-4.19647
-0.19556	1.03124
-0.250341	-3.79193
-0.536328	-2.68001
-6.05365	1.18859
0.197966	5.00862
6.25413	-5.97364
-6.51695	-8.72226
-10.3084	-0.387836
2.40643	-3.49567
-5.58273	-12.3437
-7.90578	-8.76367
-5.51544	-2.44374
3.07468	1.43718
-1.43811	1.876
-4.04298	5.93052
0.0812336	-0.776738
0.792364	2.20262
0.189988	-0.512783
-1.90972	-21.2657
-21.8452	-9.64567
-11.8295	-10.9024
-8.33749	-5.91232
-10.0823	-8.75273
-4.63529	-1.07343
-1.09179	11.7152
18.0561	-0.02928
-8.51098	-12.8067
-11.0349	1.89342
-0.850778	-7.84169
-9.99548	0.19731
4.50703	-9.78388
-6.29381	-17.4476
-16.862	-4.75502
3.29554	-3.7735
-6.50571	-8.84201
-3.14933	-6.57377
-7.92569	5.15458
2.42768	-14.776
-7.73124	-1.00937
-3.18189	-2.22718
1.00956	-1.67631
2.68684	3.0565
0.927609	-16.4406
-16.0642	-13.4796
-15.0919	-5.70167
-3.08436	-4.65158
-7.46246	-5.50763
-7.52266	2.16861
2.13748	-5.38407
-2.66868	-0.959581
-1.04115	1.51709
5.38687	6.03135
3.85692	4.12099
-0.419913	-8.42898
-3.96549	-16.9858
-16.7785	-12.8749
-14.107	-7.92963
-8.71247	-6.77715
-9.06438	-0.932406
-14.4409	-11.0631
-11.1325	-4.78545
-4.87432	-9.43769
-7.56064	-9.56382
-9.15697	-12.9658
-10.2786	-0.977729
1.13964	-14.9121
-12.9102	0.163185
-3.2558	-1.70326
-1.25932	3.6564
4.23648	-2.27704
-4.2796	-17.028
-16.5444	-16.0229
-14.154	-7.97545
-8.25456	-4.56782
-6.92242	-10.2581
-8.77521	-0.217938
1.91146	-2.09681
1.34678	2.27496
-4.8927	-0.584396
-9.90001	-1.14077
-1.40324	0.0279261
3.08802	-4.66483
-3.60357	-10.6412
-5.8617	1.10098
1.17799	0.33475
2.36611	-9.71244
-8.33904	-11.015
-6.09199	-11.2031
-19.4194	-2.18209
0.562976	-11.0589
-7.42823	-4.37849
-6.56282	-6.50507
-7.47608	-0.330294
-1.46778	0.696804
-0.682417	-3.07618
-4.11776	-15.4997
-15.436	-2.99936
-2.02541	-18.3858
-16.4011	-4.77083
-6.72829	-12.1517
-8.85397	16.8737
13.41	-10.022
-15.1491	-8.88249
-11.4013	-1.22823
1.92927	-4.34687
-4.94708	-1.87707
-1.37505	-5.7552
-4.11925	-4.98939
-3.92083	-3.71875
-2.177	-10.2497
-7.33314	-15.5184
-16.4502	-13.6226
-4.96939	0.816932
2.01525	-18.0343
-17.3606	-6.42202
-3.35013	5.72767
2.31841	-3.56276
1.20098	3.03243
5.23484	-15.3362
-13.8598	-9.49976
-5.23861	-4.94768
-9.95514	-13.7381
-14.057	-12.9551
-11.5614	-5.14244
-5.2082	14.686
9.9482	-10.1416
-9.2861	-3.39745
-4.01947	-0.0985989
1.93487	-3.56856
-5.90857	-0.610521
2.40707	-24.31
-25.1069	-1.63994
0.789869	-5.22008
-4.53631	-4.91894
-7.85482	-9.28116
-3.86044	-1.07157
2.5907	-4.39562
-1.44698	-2.16149
5.0104	3.09947
0.198754	3.15907
-2.57885	-4.90266
-0.271678	-1.34703
-8.91891	-16.8533
-10.9169	4.11698
5.20534	-5.75653
-5.05986	-14.4649
-14.0061	-3.27282
-8.35436	-9.6349
-11.6916	-4.16457
-3.65818	-9.27605
-8.05372	-7.65314
-7.50222	-0.668854
-5.65062	-2.08378
-2.96615	2.05332
-1.37836	-3.90009
-2.67371	4.66431
2.93949	-4.86138
-1.4183	-9.99526
-9.7735	-16.2939
-9.02309	-11.448
-9.99425	2.15385
-5.90598	0.574261
1.53973	-2.84179
-7.7537	-9.11068
-3.18939	-2.15186
1.77179	-0.549574
-0.995736	-23.9762
-19.5213	-4.16512
-0.303909	-9.33176
-4.56567	-13.1364
-18.7032	-8.92273
-11.9186	-5.62941
-4.96375	-8.73123
-6.26615	-1.27297
-2.77963	-4.1423
-1.96166	-2.59772
-2.5736	-3.74941
-1.01105	-0.370098
-8.23508	-5.11111
-5.00345	-10.9554
-12.9621	-17.0946
-18.1967	-11.1555
-12.2775	2.79883
1.38921	-5.03988
-0.881514	6.57004
3.2147	2.64218
4.41664	2.42852
1.85227	-11.2177
-10.5564	-4.64482
-2.00795	2.64061
1.9902	-4.88249
-4.47496	-6.86317
-8.15856	-10.4687
-15.2318	-7.60158
-7.66203	-0.674654
-2.5838	-11.7381
-9.83796	1.4656
0.419447	-7.39948
-2.22056	-15.1807
-7.72983	-13.9192
-13.3884	5.50344
8.90814	0.875442
0.362561	-8.13208
-14.8478	-8.25391
-8.61975	-8.73525
-13.2503	-10.1025
-7.52496	-4.72439
1.122	-2.1071
-13.3875	8.24813
2.47399	-1.20521
3.90168	-5.27582
-8.65143	1.15814
0.918807	-6.19341
-11.246	-1.18658
-0.0179226	-1.74807
-1.05388	-11.5071
-12.2939	-12.7729
-12.679	-10.616
-10.2615	2.87395
2.47091	-14.6034
-12.5284	-0.268957
-0.956697	-2.33514
3.17996	-0.622702
7.98401	-6.5901
-0.745958	-3.04792
-6.04687	1.62125
4.40798	-22.3828
-23.4352	6.16611
7.73052	-3.83097
-4.87108	2.49652
2.01406	2.11138
3.58198	-6.11452
-9.37673	12.0561
16.6828	-0.963766
-3.11317	6.18311
8.43439	-8.64377
-11.8883	-1.66192
-2.19081	1.5185
0.204585	-21.0107
-20.1894	-7.59706
-9.40534	-10.2584
-9.69871	1.21803
-5.32202	9.92423
8.5417	-5.08542
-8.64696	2.65357
4.91768	0.603789
-3.45349	-3.49523
-3.38139	-5.08276
-3.14959	-12.1775
-15.5543	3.11892
4.50438	-3.08848
-3.63849	-14.2178
-13.2845	-10.5654
-8.8	-16.2352
-13.5705	-4.30318
-6.32388	-14.7239
-16.5496	1.40144
-2.03931	-12.7708
-14.5328	7.00731
2.32102	-5.65954
-7.20944	-9.07182
-11.269	4.00804
5.97772	-2.78638
-2.87867	-2.69885
-1.51434	-3.27758
2.31834	-13.2749
-13.6711	-1.34404
4.32755	-14.9626
-20.4212	2.67889
2.58884	-13.6228
-12.9966	-5.77107
-7.55951	-2.12294
3.65146	-12.6129
-11.6589	7.47882
7.92574	-3.80991
-3.93701	-15.1808
-12.8145	-9.03516
-4.0564	-11.7899
-12.9301	2.43622
3.9818	-13.949
-11.9861	-1.20955
-4.05993	2.82607
2.62405	-3.26767
1.00896	-5.33505
-5.73745	-2.46493
-2.51469	6.16445
2.16657	-16.2555
-21.4788	-8.96033
-4.49482	-8.99023
-12.5839	-6.35199
-8.99791	-8.023
-6.4961	-14.5875
-11.5592	-0.762734
-0.0108316	-10.1701
-7.7697	8.51675
8.42463	-2.21729
-2.49324	-0.836719
-1.61059	-12.3543
-8.0104	-4.42376
-5.53579	-9.78867
-10.4151	-12.7255
-12.3238	-13.6621
-12.37	-12.5372
-10.5105	-1.6838
-4.60836	0.987905
0.110626	-4.50635
-3.76688	-0.658363
-3.55491	-5.88533
-2.04448	-2.28379
0.791628	-0.504988
3.28813	-11.8585
-14.5028	1.39507
0.983827	-7.82522
-7.30924	-1.86668
0.91799	-6.59764
-4.57419	0.873464
-1.97335	5.76938
-1.84238	0.385323
8.40789	-2.54303
-4.77364	-5.00482
1.76605	5.12496
0.491113	-1.2371
-1.92403	-17.9298
-16.9242	-10.5384
-11.6146	-9.52846
-11.4689	-14.6547
-15.7503	-1.05883
4.10034	2.40234
-7.09425	6.17989
4.52869	-0.539949
-7.72521	-4.54977
-11.2155	-2.17886
-2.04751	-0.537455
-2.00418	-2.39685
-3.20193	-1.71117
-0.989433	1.99672
-0.568796	3.03285
4.29076	-10.8066
-8.26166	-11.7679
-2.88098	-3.43869
-3.90363	7.75995
17.1246	-6.34623
-3.70842	-9.29598
-12.5371	-4.57348
-6.70742	-6.04045
-3.90789	-2.33172
0.303183	-3.39557
-1.07413	-14.1538
-14.0957	-15.8372
-11.8284	-16.0138
-15.8609	-4.22026
-0.262023	-5.80351
-5.46363	2.60916
6.61068	4.37058
1.40912	-6.67722
-6.34101	-10.3225
-5.50091	-6.8244
-1.13937	2.75478
-4.16108	-21.7506
-26.0626	-3.38072
-0.122106	-11.7681
-13.8988	-6.18084
-13.7062	-9.67972
-11.3944	-10.0639
-1.31846	-0.742455
-3.91303	-1.27732
-1.67573	4.20701
4.08393	-4.52877
-4.54999	3.77833
-3.20657	0.182952
-0.405757	-18.3766
-14.4557	-6.94443
-4.23794	3.52154
-5.0256	-4.53728
-10.1759	6.12833
7.9432	1.53284
0.939664	0.593861
1.50669	-0.753619
-1.82678	-6.9379
1.34458	-2.96999
-1.74319	-8.99049
-12.1735	-3.25672
-2.06993	-1.51522
-0.733545	-11.8539
-13.6003	-13.2893
-11.0532	-15.7141
-13.5011	-2.22406
2.05159	-6.70897
-3.20823	-6.57271
-2.98423	-4.79329
-3.2669	4.6252
-1.96304	0.763164
-0.144136	-8.88481
-6.91117	-4.24145
-3.20155	-5.74435
-5.90904	-8.11425
-15.1708	-8.83315
-11.2274	0.0285237
-4.9505	-6.47865
-4.65063	-8.49327
-6.96684	-1.33411
-5.10093	-13.6615
-9.2856	-2.98951
-1.85847	5.66909
5.00476	-1.00325
-1.51268	-1.41813
2.42451	-15.7236
-13.6559	-8.82034
-7.31675	-2.44809
-5.68501	-0.152453
-2.87193	-3.47566
-4.01852	-9.13465
-6.19808	-0.167897
-2.03151	-5.63855
-5.84614	-2.04974
1.89453	0.725655
3.87884	6.0384
4.44654	0.219465
-0.908487	-25.1637
-26.6701	-2.49175
-0.804923	-4.36396
-9.38193	2.57245
4.11937	-0.291631
-3.98241	3.03319
4.91275	0.282134
2.52063	1.19578
-2.56876	1.76751
13.346	2.75417
2.46981	6.59757
9.62048	1.36897
4.06449	-21.3147
-19.1426	-8.156
-7.90359	-8.19617
-5.3271	-5.04321
-7.82738	-13.4281
-11.3296	4.30752
-2.12578	1.63789
0.46556	-3.53434
-2.57073	0.265123
2.16914	4.60766
1.46346	-0.0346703
2.6835	-2.99394
-17.0515	-11.3059
-12.6245	-1.0342
3.71347	-10.3015
-10.0602	-9.7762
-8.72258	-4.15686
1.8749	2.06555
3.07384	-5.66084
-9.8338	-2.48745
5.19847	-1.5284
-1.73987	7.95736
2.53736	4.59122
-3.42781	-17.9437
-18.2636	-10.2701
-8.70364	-9.52673
-12.5663	-11.4895
-11.8586	-7.18248
-8.0982	-7.38309
-4.12004	2.30018
0.0806014	-9.87054
-11.2539	8.79691
3.65178	5.14657
9.37349	-3.39244
-1.97163	-5.01906
1.47992	-19.0092
-19.1004	-13.2822
-11.9243	-6.47468
-5.47285	-4.04553
-9.29406	-6.49321
-6.14829	-9.07086
-5.32622	0.0739178
2.81727	-7.56754
-4.9803	3.25881
4.71103	-2.70169
-3.34176	3.34052
3.59381	-0.65262
0.0603304	-18.8735
-19.263	-14.5708
-15.6741	-1.58264
0.922163	-7.46653
-9.38296	-4.62684
7.9066	-2.86387
-6.56386	0.938181
2.28361	-13.9112
-14.7202	-4.85747
1.8463	0.880406
1.61218	-9.60883
-8.7465	-2.75376
-1.40013	-0.869404
-1.20513	-7.18066
-8.59742	-12.7251
-11.7659	-18.1701
-16.852	-1.37735
-2.54336	-12.2748
-9.86071	7.57154
5.64421	-0.867918
-2.18794	-12.1177
-13.0873	-9.38024
-7.98299	-2.75646
-5.64583	4.41851
1.56738	-16.8116
-21.986	-4.87707
-0.822109	-11.2918
-14.1017	-3.4151
-3.78655	-4.98207
-5.61992	-0.099394
-0.7446	3.49046
6.94938	-3.10039
-2.98134	8.24262
5.25703	-2.37859
0.596795	-0.808603
-4.92986	-0.999636
-1.06272	-17.4055
-11.6515	-6.40754
-5.89357	-5.53824
-8.68739	-17.2269
-17.829	-12.7839
-15.0559	-1.3191
3.00407	7.34995
9.06238	-6.40545
-4.3044	3.42244
3.25773	-7.61258
-7.48282	0.0719488
-1.66461	-2.71403
-4.44895	-3.39662
-2.91009	-6.15999
-6.81006	-14.6144
-14.6658	-15.595
-12.4545	-1.24142
-1.20936	-5.26806
-6.78165	8.76462
10.5267	2.39742
-0.090522	-10.2322
-9.92312	-5.99873
-4.00965	-8.40605
-5.64101	-0.361588
-1.97113	-3.22255
-3.82323	-4.68559
-4.63707	-2.40637
-0.886702	-11.2754
-9.54576	-15.8574
-19.2811	-3.08625
-0.410976	-8.4628
-10.3811	-2.9328
-3.01911	1.67802
0.464422	-8.77803
-7.34102	5.54404
9.9185	-6.07897
-2.03456	-11.7824
-6.74893	0.5504
1.75754	-5.12406
-3.32616	-14.5661
-16.1323	-10.2238
-7.13149	-7.47673
-2.86446	-9.34498
-9.25124	0.191405
2.78087	-4.62568
-6.45096	0.879199
-1.37732	5.35412
7.00396	-6.68896
-5.73854	-5.269
-7.39694	-0.99904
-0.901433	4.99894
3.07601	-8.21876
-15.7176	-14.1065
-13.5135	-5.74239
-5.82565	-5.36833
-2.20705	-5.5135
-7.27676	-3.45033
-1.04156	-1.04556
0.8619	-0.76666
-4.01551	-3.18369
-2.00666	-6.39019
-7.77078	-11.7907
-13.6092	-9.49383
-9.0991	-15.3578
-12.9016	2.96052
1.66283	-8.59532
-7.86554	9.98897
11.8433	-5.82693
-4.04428	-11.8985
-13.067	4.7595
-1.38179	-6.11807
-9.21561	5.77309
0.427863	-11.404
-9.91922	-13.8641
-12.1295	-6.14037
-5.91424	-15.5901
-12.9747	-9.26569
0.205937	-7.49169
-6.8254	0.256477
5.0036	-7.08873
-4.09537	-2.60996
-5.06954	0.186081
-1.35327	-3.35767
-7.49788	-1.43536
-0.47004	-14.2358
-16.7673	-13.5117
-9.68544	0.902541
-0.732771	-8.2715
-8.47058	-6.24084
-12.8712	-6.02802
-1.31805	3.0155
6.16481	5.17566
2.61546	0.466982
-2.05851	-2.7053
-6.4038	-3.04467
-2.31108	-4.24183
-2.8289	-6.07492
-4.37193	-15.1861
-12.2637	-18.1651
-15.3242	-17.4814
-16.859	4.79384
0.586791	-6.54231
-5.91424	3.46026
1.64375	5.2679
7.63176	-3.74035
0.413947	-1.985
-6.94878	-2.24599
-3.01155	3.87245
0.833741	-4.43365
-1.92803	-8.81237
-7.96079	-9.93465
-14.6307	-14.3554
-15.5215	-12.5082
-13.0001	3.97315
2.57647	3.81886
-0.829224	-11.8545
-11.7341	0.0629222
1.16773	2.49456
-0.0291007	12.6218
11.3504	-11.622
-12.6956	-0.197617
-0.778789	-5.71105
-7.02676	-11.2935
-15.023	-16.3192
-13.4472	-6.81559
-6.80162	-1.46915
-4.27124	4.21063
3.80779	4.31428
7.35879	-6.62168
-6.8728	-6.81965
-4.28674	-3.61566
-6.65738	8.03664
3.53395	-6.27135
-5.82126	-11.4714
-12.2957	-5.08968
-1.68951	-14.525
-9.83868	1.57918
1.90187	-7.09826
-8.07402	-0.210209
-0.811285	-2.27895
-3.37746	-4.29879
-4.04872	-5.84452
-6.03657	0.142172
4.07688	3.68398
0.643253	-3.66481
-3.87605	-1.01869
-2.96351	-0.118731
-1.96623	-13.3984
-11.6172	-4.09974
-0.476886	-16.2845
-16.0878	2.88926
0.395481	-21.7593
-22.3917	-5.99754
-10.5993	13.7053
14.5162	-4.83223
-4.36393	-0.765477
0.120675	-7.44151
-7.11539	-12.9837
-15.9489	-9.71379
-9.30108	-7.05903
-5.04033	0.601038
-1.12126	-16.9443
-11.868	6.87626
-2.10757	-8.45067
-7.07712	0.996549
3.45116	8.85489
6.24949	1.81697
5.18677	-1.88316
1.29367	-16.7471
-10.8252	-16.8242
-17.9851	-5.70087
-6.8071	-6.23206
-5.96729	2.56125
-0.840181	-19.1144
-13.4648	-2.03064
-0.0182691	-3.02615
-3.34995	-14.0104
-11.9457	-3.95489
-5.81472	-4.73921
-4.59313	3.48537
0.170169	-3.0629
-4.2548	-8.84653
-9.31575	-6.9214
-13.5114	-8.56417
-10.7568	-5.38082
-4.69209	-4.90938
-3.68505	9.74544
10.4967	2.33386
-0.75284	8.93373
2.71819	-8.0414
-5.01647	3.97882
-3.2676	0.627389
2.59721	-7.71118
-10.9752	-16.1309
-16.7164	-7.18873
-7.52096	-10.5996
-12.9746	-10.9549
-8.93681	-3.13997
-6.09127	-0.102761
-4.60644	-4.57253
-3.7802	10.6505
6.3769	-8.45019
-10.9598	-9.34234
-7.29233	7.98191
5.13606	-4.04631
-3.85001	-15.5717
-16.2497	-18.2024
-18.835	-10.2421
-11.245	-3.70466
-7.04307	-7.15919
-5.55581	7.27637
9.11505	4.99189
1.22715	-15.4135
-13.7386	-4.47054
-3.78569	-0.35053
-0.193048	0.385215
0.368249	-3.23567
-2.54937	-12.6226
-8.93813	-2.11002
-3.83831	-7.49231
-8.85894	-14.6841
-13.6998	-9.95612
-10.5605	-5.85627
-7.68206	-5.9803
-3.94434	-5.69823
-10.7353	-4.50693
-0.956957	3.02095
1.74085	5.42835
0.911073	-9.28994
-9.7196	-2.33054
-1.73487	-7.06789
-0.745805	-9.26839
-12.0759	-16.8014
-16.2009	-3.19474
-9.2941	-1.78519
-6.95593	-6.49094
-6.91506	-2.0568
-1.58157	-8.53872
-6.46696	-0.586414
0.795195	1.83591
3.46386	-4.40818
-2.7917	-0.38366
-1.33293	3.69017
3.10017	-12.0027
-10.911	-17.3288
-14.0132	-11.8889
-13.0024	-2.78397
-1.13935	-8.60075
-5.33124	-3.8909
-5.9907	1.31562
2.5431	5.68612
0.659915	2.49493
6.69777	-16.88
-18.8488	-8.53851
-9.92506	-3.73702
-4.77575	-3.29178
-6.49814	-6.75326
-5.43843	-8.1038
-5.19527	-3.35192
-5.58454	-3.36238
1.41931	5.6095
-15.8519	-13.7983
-13.3052	-6.39053
-6.40789	-7.83674
-8.72521	-1.34642
10.9082	-6.99442
-7.18465	4.60512
-0.849809	8.17397
1.58786	2.82003
-1.12091	4.28242
6.84145	-1.70115
-9.85188	3.34813
1.70588	-5.04236
-4.81896	-11.1728
-12.3949	-13.7501
-13.3767	-12.3147
-11.1627	-10.8591
-9.82057	-5.11025
-4.20154	7.88267
3.35158	-3.43821
-3.91551	3.40094
0.29309	1.43507
-4.79045	0.398855
-0.248979	-4.24453
-2.67084	-26.5771
-24.8364	1.12231
-6.61578	-8.19859
-8.20202	-11.0484
-7.36093	-4.31786
-6.17695	-10.2154
-10.7131	2.10213
1.42901	-2.30933
-4.08494	2.21447
-1.31604	-0.258857
-2.68903	2.23624
4.49289	4.16096
-1.91858	-5.02855
-3.21317	-6.00521
-5.12922	-3.7511
-5.03823	-15.6135
-14.7428	-10.7929
-10.5955	6.68449
-0.551517	3.68015
8.83151	-13.6115
-13.1289	-0.843439
0.0968254	7.64454
4.16393	-7.17615
-6.05816	-2.36516
-3.3861	0.694652
-2.00125	-11.7462
-12.2564	-14.2021
-13.8433	-18.4054
-13.2693	2.68436
0.248159	-4.4807
-4.36413	4.04513
4.20254	8.48704
6.65795	-18.278
-17.4373	-4.86217
-7.40063	1.02581
0.258963	-1.52494
-2.60968	-4.0494
-5.63935	-13.0944
-16.4424	-7.52856
-9.51863	-13.1146
-12.0871	-4.86693
-9.9052	2.4603
6.27766	3.02161
7.56781	2.91643
-1.31888	-1.16638
-1.54049	-2.76598
0.890157	-1.61198
-1.00423	-4.01286
0.152501	-3.53174
-4.49529	-9.06878
-9.37344	-12.5342
-11.9067	-17.1046
-16.0083	-5.21782
-5.6092	-5.53691
-4.85506	17.7217
11.4999	-14.5472
-13.9272	-11.3672
-15.0926	4.85108
4.89105	-6.62078
-3.66282	-1.89455
0.0114337	-5.83026
-6.71223	-14.8245
-14.2077	-5.56881
-5.28358	-15.8336
-15.6128	-10.8661
-3.98736	2.6645
-4.92079	-1.68624
2.85102	-4.36458
-6.29002	-7.19479
-0.93451	1.25279
-0.884195	-3.73725
-4.94978	0.208789
0.818387	-13.8163
-14.7857	-16.9149
-17.0664	-6.68607
-1.64889	-12.0292
-8.84132	-5.60139
0.210468	0.602617
0.852632	0.688845
2.78247	3.38394
-6.37448	-5.04927
-0.705347	0.428885
-2.66754	2.22829
1.31661	-4.94925
-2.42487	-11.5243
-9.38167	-2.74024
-2.74403	-8.39278
-8.83519	-22.423
-22.0253	-10.4171
-15.1926	-4.05431
-2.47919	-0.103474
-2.07959	-1.56179
-3.72427	5.32903
11.6887	-1.16574
-0.413572	-1.59565
3.39442	-3.76189
-0.600081	-14.8352
-10.2053	2.53513
1.15432	-12.3257
-15.2655	-12.1014
-11.46	-3.92425
-2.55893	-6.98727
-7.50941	3.74959
1.22413	6.9997
1.60012	-12.7784
-11.193	-6.85482
-7.06521	-2.40105
0.846073	2.56324
4.27649	-7.51445
-8.7516	-15.4619
-18.5859	-9.72984
-8.21554	-7.72313
-12.3181	-0.547617
0.204382	-3.1734
0.306816	6.9549
4.30601	-5.13036
-0.141842	-1.38135
-3.97742	-11.5367
-16.3253	2.66166
0.201153	-3.7382
1.52775	-8.11969
-5.4418	-11.6846
-11.0822	-11.0639
-11.4677	-15.0058
-11.4756	-4.2569
-1.11324	-4.2983
-2.00442	2.29993
1.60452	4.62774
5.28231	-0.623583
-5.06462	-7.34981
-3.88165	0.763217
1.22445	-0.0707244
-2.7891	-15.2453
-8.17258	-10.7305
-11.8429	-9.44286
-8.26352	-19.8506
-18.8441	-13.7587
-14.0769	3.60399
1.76918	-0.610717
1.29165	-6.08572
-1.05121	-3.54476
-3.31947	2.64688
5.99691	-3.65415
-6.04013	1.75148
-8.81518	-23.5553
-26.0262	-9.42349
-7.90487	-7.15464
-7.63551	-2.4555
-0.779495	-5.98816
-2.72162	2.39848
-1.85402	6.95301
5.03172	4.41429
-0.622571	3.81931
2.70005	-0.0831842
-0.970885	6.24821
0.67476	-4.94606
-6.69675	-18.4438
-13.51	-7.38253
-7.06427	-5.03102
-8.13223	-13.9362
-18.8177	-4.68557
-3.96439	4.9466
3.5513	14.51
12.0546	-11.1845
-12.1987	-13.3619
-15.3567	5.39236
4.77857	-5.84053
-8.14872	-1.18791
-1.67153	-14.6588
-16.1023	-9.58508
-12.6585	-8.98573
-7.96561	-12.1077
-12.7773	5.98137
5.24606	-11.5313
-9.90591	-2.32031
-1.89563	-5.88228
-3.97435	-10.6208
-4.68413	-2.80409
-1.11153	-4.13256
-8.59018	-1.63536
0.204736	-8.73962
-7.30453	-5.84503
-7.64614	0.164678
-4.24303	-13.4509
-11.5249	-2.25585
4.34223	-15.1216
-12.2611	-4.47806
-4.89714	-8.73167
-9.26378	-11.1332
-5.72749	7.84341
10.2676	0.0207662
5.24224	-2.97854
1.8289	-10.0684
-13.3588	-10.6867
-8.21291	-6.08025
-0.689136	-3.4119
-6.51269	1.9012
0.666546	-14.1489
-10.8811	-0.716327
1.50961	-2.66208
4.14535	8.33723
4.84271	-1.17193
5.41898	-0.916174
2.14433	-4.275
-6.72409	-21.2754
-21.5151	-12.0324
-13.533	4.79844
2.04695	-7.30278
-8.96301	-10.5404
-7.36035	-2.10962
-2.37938	-1.26356
3.9553	6.81061
5.31578	8.07405
7.27811	-2.31834
-2.1787	-3.64956
-8.03911	-6.47839
-6.74182	-18.293
-17.21	-15.331
-15.2741	0.32288
1.56986	-10.1775
-9.67271	-10.8642
-11.0614	4.44147
3.75919	1.35881
-3.83661	6.32078
0.0951529	0.822741
2.59374	0.563568
6.95972	-3.18764
-1.56741	-4.5841
-3.10214	-15.2162
-16.5184	-15.3693
-13.9656	-5.27509
-3.81881	-10.4198
-10.3046	-11.5619
-7.78135	-1.39149
-3.82063	7.70786
-12.5979	-16.0054
-15.7147	-6.73997
-8.58571	-6.8463
-3.27308	-6.29069
-9.39842	-2.59163
-4.82188	-1.4951
1.44634	0.320105
4.31808	8.01688
5.56485	3.62566
4.47065	0.214057
-2.26883	-4.42968
-4.90901	-13.3275
-9.91738	-8.40852
-6.27439	-13.9202
-13.8695	-19.0529
-15.3511	-7.80506
-12.4861	0.847053
2.33763	6.20231
4.04875	-5.93609
-2.83783	7.19436
2.11361	2.79387
2.51922	-5.55193
-6.72748	-4.58892
-5.16863	-4.84367
-4.54248	-3.34016
-2.27955	4.91775
4.13597	-12.9888
-12.2668	-15.3908
-16.8506	-9.62275
-8.59007	0.264386
-0.363842	-11.7791
-12.4918	-7.93559
-2.36427	0.895415
2.42405	-4.74659
-4.19138	-2.33268
0.318018	-5.82355
-6.84141	0.79498
0.0588501	-9.24883
-10.4303	-11.5007
-13.262	-9.63412
-8.82912	-14.1061
-10.1499	10.5823
14.2409	-10.4484
-13.5889	6.26038
4.63154	-2.78792
-4.20119	-0.707521
0.508243	-8.77608
-6.89131	-5.46512
-3.06442	-5.93279
-4.81362	-3.72968
-3.48126	-12.515
-5.52775	-13.4433
-14.9309	-1.7013
0.647693	-1.56687
-3.84126	-5.34053
-4.14532	-2.54273
-4.68347	2.16253
1.27048	-2.73545
-2.97956	-2.3875
-0.965434	-5.06898
-3.97537	0.232037
-1.97655	6.8353
8.31055	1.07679
-3.50249	-12.121
-12.7404	-9.54537
-5.99364	-3.08867
3.03964	-6.12767
-4.61524	-7.0288
-3.8806	6.23658
3.86761	-12.7261
-11.6347	-1.17434
0.45116	-10.025
-9.26201	-8.43668
-5.8381	-4.5116
-0.16188	-13.9377
-11.8282	-15.4277
-16.7817	-4.86132
-3.40567	-5.24063
-3.69269	-12.5455
-13.5802	-0.386134
-3.1242	-1.6541
1.97354	-0.47576
1.63696	-5.40297
-4.2192	-8.52596
-7.21985	-1.46734
-0.770407	-1.68137
-2.6425	-16.5426
-18.5296	-8.05354
-9.13076	-6.635
-13.7048	-1.52954
-0.180269	-7.49058
-5.35662	-16.2474
-13.2968	8.0158
8.14146	-7.24113
-1.27551	1.29556
3.05817	-8.71081
-8.8692	-6.9888
-7.56466	-4.88376
-5.09495	-11.5819
-8.22163	-8.23565
-7.12108	-2.43961
-4.66433	4.42772
-0.324919	-13.3866
-11.4435	-2.54695
-1.86999	2.00722
2.8757	-0.445646
3.36751	5.10451
-1.49422	-21.8804
-22.7555	-0.115579
-0.721794	-5.39041
-10.5114	-5.3993
2.39634	-10.814
-13.9023	-0.379129
1.03704	0.156305
0.724672	-7.82911
-6.12236	-1.10714
-4.12738	2.88647
0.246679	3.29373
-1.75166	1.99241
2.08154	-6.41512
-6.99111	-11.6912
-6.62586	-5.8166
-8.63752	-10.3861
-10.997	-11.2014
-12.7269	-6.66882
-10.9926	4.91418
4.57352	2.61631
-1.06123	-6.05446
-5.36922	-3.2054
-1.65635	0.307597
4.16123	-0.0721955
-1.77914	-13.3725
-10.7594	-7.36841
-9.47549	-8.91439
-10.1603	-19.263
-18.5322	-12.1487
-15.1613	-3.12681
-4.86523	3.29129
-3.21926	-5.44593
-9.19894	-7.24953
-11.2833	6.37529
5.61119	-8.52986
1.0433	3.27063
3.03269	-8.22978
-7.52152	-2.18185
-2.5011	-0.71198
1.60174	-14.9245
-11.0912	-15.8954
-11.6031	-8.573
-5.59331	-5.77062
-6.45209	-2.41046
-0.441087	-8.64601
-9.32621	-4.45762
-4.8334	0.743459
-0.788274	-6.60742
-0.421797	-9.51416
-9.95294	0.381101
-1.26009	-3.99093
-3.07891	-13.3755
-9.8806	-13.5188
-14.5824	-3.77479
-8.82459	-8.5923
-2.19952	-1.45287
-0.179278	-3.7788
-2.16921	1.85583
-0.07201	5.76486
2.38509	-4.14796
-5.57337	-16.1774
-15.5229	-0.518987
0.394603	-1.35704
3.59464	-10.5328
-16.726	-10.7902
-9.14152	-9.8503
-13.0564	-6.15652
-3.62284	-0.84293
-5.35227	-11.6808
-9.87827	-2.57892
-0.0700908	6.92449
4.78552	-1.51692
-4.12753	-14.4682
-14.8587	-10.0009
-10.8104	-0.666871
-4.68575	-12.6257
-16.8468	-3.62129
-8.3232	-0.637324
-5.06484	13.7887
12.9522	-2.63773
0.679268	-20.0937
-13.9922	-1.11285
-1.61466	-3.25441
-6.37484	5.62637
0.222392	-8.30046
-5.65851	-8.52769
-5.54357	-1.96724
-0.368161	-19.6919
-25.6126	-11.1624
-8.00998	-17.4826
-16.3678	-2.86415
-4.27049	4.53903
1.05728	-8.61121
-9.81979	-1.40654
0.984285	1.77097
6.68238	-2.83799
-5.43401	-9.72388
-13.6796	-10.1168
-11.8399	-1.42871
-3.51691	-6.7029
-10.9409	-9.4566
-6.7815	-6.9467
-3.93811	9.26477
13.5302	-6.24018
-7.27723	-5.53016
-6.90549	-2.18057
4.26209	-3.21899
-4.90467	7.95081
7.8684	-9.86443
-12.844	-16.2478
-15.9404	-10.7302
-8.65979	-13.8023
-15.9058	-6.49217
-8.68782	6.26701
7.67691	6.03988
6.10536	-10.8841
-3.90782	-7.7363
-1.20971	-9.81496
-9.45323	1.43927
4.9079	3.13116
-1.16353	-16.5336
-16.0358	-15.3165
-16.8552	-5.89919
-3.47627	-11.082
-11.3551	-8.45273
-8.8792	-0.0664882
5.37693	4.35007
1.05995	-0.00235216
1.50732	6.99944
1.041	-3.29877
0.185104	4.05008
2.96495	-1.96093
-1.24329	-19.5141
-19.7257	-14.8647
-13.947	-2.42426
-5.67433	-8.52888
-8.66008	-2.57488
-4.94926	1.17148
0.911325	-1.70969
5.11187	2.60535
4.05813	7.02214
1.47323	-0.892774
-0.362058	0.220056
-0.304576	-2.4479
0.33439	-18.2937
-20.6994	-16.0675
