-17.0761	-13.2322
-15.5339	-3.62598
-2.96305	-11.9003
-11.3324	-8.16226
-6.69135	-2.5756
-5.18058	-2.48237
3.29976	0.104472
-7.3325	8.56826
7.29356	-3.60491
-0.0242666	0.865112
-0.614135	0.873476
0.102621	-17.9297
-18.7631	-12.4501
-9.8958	-2.89432
-1.55504	-5.80131
-6.67555	-6.58884
-8.97609	-6.50681
-5.03968	-2.14104
-7.20126	-5.66638
-3.04599	1.51547
-2.16711	-7.02897
-10.0943	-1.41565
0.762339	-1.53187
-3.67706	-21.5683
-15.582	-14.9975
-15.7922	-2.6427
-2.52887	-5.43153
-10.8749	-10.5277
-5.68692	-4.55914
-5.79066	-0.389033
1.14837	2.45222
-0.729658	-1.58469
-3.34802	2.18837
7.03116	5.68105
-0.885806	-2.92413
-3.87905	-27.2496
-23.9203	-11.5163
-10.5091	-1.01184
-2.59186	-14.3601
-11.9716	1.26037
-2.55683	-2.74317
-10.4483	5.7745
2.91407	-7.48157
-6.16096	8.56485
9.14047	1.88746
-1.2692	-6.60327
-6.42991	0.891173
-2.52684	-5.73484
-8.07875	-0.308342
-1.4932	2.1306
-2.57655	-11.5798
-9.77782	-11.0568
-6.14741	-14.6541
-9.41732	-1.66593
0.0539349	-3.74254
-4.25796	0.232366
5.55218	0.428789
-4.18113	5.74135
5.60595	-3.43201
-2.26938	-11.4632
-10.2312	5.0467
1.77496	0.236058
4.29006	-15.1329
-14.5883	-2.30563
-5.86972	-6.73782
-8.62609	-6.45385
-0.524793	-0.0563386
2.46527	-3.15706
-6.98416	-0.676758
-1.05642	0.22678
-0.097606	-3.05947
-0.136605	-22.1692
-18.2435	-5.15226
-5.42416	-1.5107
0.0810531	-23.2156
-26.8121	-6.39248
-7.5002	-6.02416
-4.94907	4.08299
5.24507	-4.41787
-1.22023	4.69894
5.74242	-5.159
-2.86454	-10.954
-13.4552	2.76839
3.46626	-7.02622
-5.32394	-0.121286
-2.58849	0.776223
-3.93456	-15.7
-16.8102	-8.9504
-11.8384	-6.35899
-5.48341	6.89492
3.27199	-9.37345
-10.7787	5.19765
2.64014	-2.00875
-1.517	-4.28061
-3.93087	-4.80678
-2.67892	-13.3781
-13.4373	-10.3532
-12.8694	-6.77119
-9.65141	-12.773
-8.98028	-11.0553
-5.67781	-0.704812
-3.59317	7.08838
6.9905	3.81784
0.633073	-6.68027
-4.81452	0.447935
-2.48788	7.21925
3.60781	-6.67685
-5.74882	-6.01538
-6.3854	-3.4883
-3.70778	1.82907
1.59401	-18.3584
-17.2441	-17.1433
-14.4319	-12.2167
-10.9782	-5.82753
-8.37603	-18.854
-20.1087	6.41351
1.78332	-2.30971
2.52096	0.998073
-0.248406	-8.25312
-5.3287	-5.17051
-4.00018	-0.94834
-2.15204	5.27051
7.97275	-11.9476
-14.892	-12.8186
-7.99133	-5.62031
-10.3976	-5.0127
-3.28612	-5.73031
-3.10266	3.07346
-5.56256	7.08053
1.05722	-1.15152
-2.03099	-10.0872
-4.11737	-7.4343
-8.91445	-12.0357
-12.1803	-3.41203
-0.770254	-23.2556
-19.9552	2.16691
3.88168	-22.037
-24.4585	-6.15618
-5.35111	-0.940093
1.05068	-12.7204
-10.9497	5.1361
0.657206	0.737376
0.940298	7.90793
4.96888	-7.46695
-7.71641	-14.9756
-13.7942	-16.2612
-15.2252	-13.0877
-16.4747	4.07344
2.93516	-3.48534
-6.00029	-0.568103
-0.15819	-3.20866
2.07953	-0.416665
0.344162	-5.84902
-1.49946	3.66953
-2.49515	-4.1786
-4.65798	-2.52009
-4.55066	-15.6507
-16.7813	-9.90231
-8.13586	-14.7865
-13.1692	-3.88998
-10.1678	-3.54846
-2.02034	-5.2551
-3.71985	-14.2453
-13.3258	-2.20419
-5.37237	0.101431
-2.15184	0.437013
3.7834	-1.57799
4.09518	-11.3459
-11.7307	-5.03085
-5.21323	-4.86623
-5.35453	-12.4767
-19.2489	-7.12596
-6.11723	-11.2735
-11.6354	-7.89043
-4.16848	2.20071
0.450301	-4.14881
-5.65672	-8.36558
-8.27691	0.550647
12.3316	0.704989
0.278897	-13.5102
-15.0129	-11.1339
-13.4066	0.911445
0.078707	-8.38986
-7.79436	-12.7789
-7.04342	-12.1681
-10.8074	-6.0382
-7.35836	-1.37402
-4.05691	0.0411382
3.82926	-10.7826
-13.3146	6.08542
9.81656	-4.53113
-6.70059	-6.7034
-4.42051	-2.46385
-5.07856	7.51679
8.9925	0.859159
2.67783	-11.592
-8.12422	-2.43507
-4.74144	3.80878
4.05815	-4.87665
-2.09737	-1.55686
-2.24209	2.00689
3.09959	1.00315
-1.38135	-4.36339
-5.90586	-16.6273
-10.5759	-4.73494
-8.25309	-0.679837
-6.39975	-22.1661
-19.4692	-13.4927
-7.96605	-12.8991
-10.194	15.0105
12.5586	-9.00017
-2.53477	-3.77489
2.31004	-9.15685
-10.725	-2.738
-0.488478	1.02258
-2.32756	-11.2156
-15.2587	-15.0542
-14.7519	-1.72738
-0.462301	-11.4653
-12.2522	2.27472
-2.39256	-8.47764
-11.8246	-0.229984
1.08161	4.19647
9.46663	1.54117
-0.32493	-2.14715
-2.67473	-2.44297
-14.3898	-18.7042
-18.4881	-3.24488
-1.87525	-6.92837
-6.98745	-7.66457
-8.09711	-2.0552
2.06011	3.51206
4.54734	0.763201
-4.76644	0.913072
-0.643426	-2.60207
-0.445599	1.4449
2.8205	-2.90242
-5.03787	-24.0442
-21.9467	-1.89107
-3.75286	-3.14725
-0.83166	-0.704292
-2.18482	-3.50657
-3.49925	4.78541
8.70992	0.0872476
-4.95592	1.30113
2.18634	-1.37048
4.60473	2.44954
2.66263	-4.50117
-5.30472	3.226
3.31135	-27.3017
-23.5956	6.57897
3.31594	-3.24646
-1.41741	1.14836
0.719454	-9.3539
-6.90602	3.90472
7.42951	-2.81519
-1.91019	0.838776
2.25667	-1.9268
-0.525292	-0.234577
-2.43343	4.50505
3.50981	0.0968222
-0.836962	-11.3329
-10.8605	6.19359
7.00697	-6.48852
-6.70261	-17.3822
-15.7024	-11.9971
-14.0364	-13.5647
-16.5531	-5.71841
-8.18488	-2.34498
-1.88506	-5.99902
-6.41973	-3.24711
-2.90751	2.66111
10.7022	-8.22906
-9.73958	-10.4724
-11.4616	5.81011
3.86967	0.14091
-0.0238596	-17.3982
-16.6211	-9.30952
-7.18184	-9.00244
-12.2559	-5.36719
-4.78746	-5.66592
-7.08513	-4.15284
-3.07713	7.80372
6.11331	0.308496
5.22826	-2.47427
3.47857	-18.1597
-18.5892	-13.4667
-12.5605	0.00433255
0.170683	-11.6877
-7.83938	-11.471
-11.1534	1.94339
2.20066	2.19607
-4.33135	-10.7968
-13.9809	-0.395937
4.76486	2.48887
7.44824	4.37701
3.73846	-4.49049
-2.40323	-2.92038
-3.27453	-4.60159
-4.63042	-7.305
-9.84541	-18.6486
-18.2471	-11.0383
-8.36931	1.12355
-2.04622	-8.86047
-7.88208	-7.84243
-3.58319	16.4654
12.7947	-11.9396
-13.7812	-6.6443
-3.10346	0.785118
-0.696822	-8.3821
-8.62467	-17.4816
-16.0166	-9.85734
-7.54282	-19.7262
-21.4506	-4.65234
-7.60825	-9.26834
-14.13	11.1964
12.1041	-15.4902
-18.1199	1.7289
1.79379	7.28661
1.87935	-8.55406
-8.0754	3.06016
6.10579	-5.57595
-7.25505	-2.87365
-3.19232	-0.92803
-1.90436	-19.1249
-16.7473	-12.2093
-11.6675	-5.98666
-6.68117	1.29146
2.59133	-10.311
-7.59372	-0.350447
-3.24781	2.76103
11.0216	-7.12806
-4.77059	-1.91738
-0.40566	-23.8221
-24.2607	1.46968
0.601755	-5.65318
-6.93316	-8.39126
-8.31509	-4.88819
-5.19493	-8.12018
-8.5441	-5.55155
-6.63662	3.98998
2.42476	-8.87647
-6.12334	-2.75403
-3.67446	4.91242
4.18345	-2.99211
-1.77691	-8.43387
-7.14888	1.34548
1.43676	2.10761
4.88763	-12.4838
-8.4352	-8.89448
-10.5007	-2.50405
1.40439	-5.42043
-7.59511	-6.79001
-3.0454	-1.13172
2.21974	0.768408
-1.61742	3.41327
3.24147	3.40334
2.55906	-18.5791
-18.0567	-14.9396
-13.215	-0.456379
-2.29999	-12.2505
-11.9318	-9.58797
-10.9445	-2.54531
0.00954728	-4.67541
-6.04134	-11.4814
-9.36552	-5.36681
-4.94487	-11.6268
-6.71504	-1.2555
2.88451	-3.12293
-1.79306	-5.66535
-3.53251	1.13599
-0.906507	8.57052
7.4985	-9.78992
-7.13697	-12.9612
-13.4604	-4.52333
-2.52262	-5.38327
-9.27431	-4.37144
-5.94668	-2.54442
-3.00603	-6.45576
-5.48274	1.16395
0.0405595	-5.64921
-4.41169	-8.41512
-9.29374	-0.798003
0.406315	-10.9841
-10.3196	-20.9381
-23.3995	-11.9299
-10.5537	-8.27389
-9.75662	-2.57366
-0.703674	6.59996
3.71649	6.66737
3.20641	-3.13193
-5.22445	7.12314
2.27996	-8.96683
-0.533824	-16.3409
-15.7084	3.82135
0.811829	-4.7339
-5.08159	-13.9352
-14.3274	-3.38798
5.14235	-9.22697
-5.3028	-0.304159
-6.43288	-4.36475
-1.63843	0.755838
-1.30001	7.22365
4.68011	7.01692
4.61373	0.288367
-2.20995	-17.4581
-18.0363	-10.3494
-10.6805	-2.36021
-3.64928	-13.0491
-11.9452	-0.339695
0.660424	-9.56689
-1.81461	-2.04982
1.04946	-6.67746
-4.65834	1.40681
-2.47776	-2.9836
0.129712	-1.23715
-3.68732	-4.80157
-2.90111	-18.005
-17.1684	-13.4818
-14.2712	-0.650621
-1.69929	-10.3136
-10.1459	-5.22975
-5.09458	8.91477
3.98726	0.108492
-7.74471	-2.54646
1.60943	5.25579
1.85323	-8.90546
-1.6977	-2.25426
-2.79863	-8.927
-7.31069	-16.0574
-16.575	-15.752
-15.7762	0.680018
0.0447171	-14.811
-13.4961	10.2301
5.91638	-14.0428
-13.5459	-6.14932
-6.26696	-9.00117
-11.6419	-3.35727
0.516888	5.35216
5.61888	3.23989
8.46632	-4.26197
-4.03954	-6.69484
-6.76333	-1.14968
-1.13613	2.04
4.3103	-16.66
-18.7791	-15.3711
-13.8277	-11.6823
-13.0533	-5.39003
-7.40489	-11.0854
-9.55053	1.883
-2.05405	-7.04457
-6.06223	-1.44872
-2.64869	-2.00323
-2.82951	-6.07851
-8.68945	0.392783
1.93182	3.16765
3.81322	-18.7041
-18.2327	-12.0935
-10.8663	-11.889
-13.4597	-5.93132
-7.21271	-4.2827
-1.8112	0.544243
1.51469	-6.28232
-8.5252	2.04423
1.67328	-1.7463
-3.3889	-3.46906
-2.63697	1.0915
1.26499	9.12194
9.12208	-7.81893
-8.80109	-10.1297
-10.8705	-1.45023
-1.00612	-8.79585
-10.4746	-8.62879
-2.14675	-3.22386
-3.14058	-10.7235
-8.92528	-4.21131
2.83628	3.86993
3.66843	-21.5671
-18.9901	-1.39541
-9.79076	-0.752976
-2.5005	-2.39506
-5.51652	-15.3723
-14.3126	-6.99071
-5.97181	-11.5113
-2.16197	-1.70307
-3.3964	-2.5879
-3.77548	-8.9188
-5.30428	-6.86549
-5.93597	-2.93904
-1.74598	-2.08822
-2.20284	-2.55529
-2.62559	8.69731
9.7291	-4.09816
-4.47642	-14.8831
-12.8661	-0.235308
-3.26392	-8.88417
-2.35542	-1.56163
-6.31387	-2.73596
-2.24857	-9.21728
-9.2809	-2.02249
-0.352616	-6.48803
-6.34855	-2.26769
-4.31746	-2.39178
-1.65406	7.4322
8.33006	-3.72579
-2.60772	-10.2541
-4.16081	-6.74773
-4.94811	-4.16049
-2.44571	-0.125001
2.38496	-5.02206
-7.83862	-2.978
1.3803	8.20608
5.26543	-7.39582
-7.00664	-12.0073
-13.9175	7.61621
8.10645	3.35271
2.01906	-16.7054
-16.1669	-2.78354
0.597928	-9.0617
-8.18832	-6.9448
-8.22616	3.04004
5.58024	-13.5107
-10.1233	-7.09387
-7.16828	-1.6836
-2.93868	-0.376854
-0.398501	-21.2492
-23.5183	2.66549
0.922813	-6.26982
-10.5046	-9.72024
-3.31041	4.55342
5.62251	2.24043
0.165904	-2.93418
-2.99348	-2.53464
-0.905184	3.27928
2.19926	8.51403
7.88305	-2.64573
0.134923	0.575157
-4.28759	-23.1574
-22.5338	-8.16013
-9.97567	-3.88338
2.40048	-16.0135
-21.8235	-10.1423
-4.25314	-14.7439
-16.5799	-8.57087
-4.30959	-1.60587
0.0828329	-5.791
-7.16022	-5.55475
-6.11439	11.5462
8.86866	-7.41524
-7.95864	-9.2605
-6.87057	0.561359
1.23976	5.94295
5.45058	-16.3457
-16.8126	-12.2093
-11.6668	-19.2795
-22.0771	3.04057
5.9228	-14.7309
-15.3233	1.57253
2.11075	-6.4529
-7.41507	-0.219204
3.18525	2.45338
-1.46164	-5.81773
-5.61975	-10.3936
-11.8292	0.365388
0.086376	-6.49737
-9.59608	-10.2568
1.48114	-10.8256
-5.09853	-3.54166
2.30687	-1.33364
0.250945	-5.99165
-4.64422	-0.929454
-0.701451	-1.08564
-4.76314	-10.0607
-5.36272	-10.1486
-9.55767	-16.9555
-15.7145	-3.35224
-4.17544	-19.5957
-20.3716	-2.79366
0.317847	-4.33367
-4.06723	5.95079
-1.08178	-14.3202
-16.4658	-0.675465
-0.244402	3.33194
1.44965	8.21832
-1.88269	3.58033
4.64369	-7.68413
-6.6887	-2.80072
-3.26372	6.20184
5.67332	-18.4151
-14.5453	-7.58569
-1.07892	-27.7888
-25.3524	5.14199
3.25491	-3.24233
-4.72978	-16.1395
-9.07057	8.23122
7.6945	-2.74273
-2.67245	3.3477
6.14082	-14.42
-16.6152	-5.66085
-2.00647	-9.75326
-9.90149	-7.81741
-7.63655	-13.2184
-5.51157	-1.56009
1.03343	-2.90728
-2.48463	-3.16455
-1.49015	-2.3932
0.117284	-3.80556
-1.83601	4.62217
3.05859	-0.0937814
-4.86321	-26.5114
-27.6255	-3.2466
0.274784	-5.56196
-8.14058	-5.34021
-3.2638	-6.04791
-6.03385	2.77134
8.37107	3.97236
6.58896	-7.30402
-5.6664	3.30519
-18.289	-10.7454
-11.4864	1.18685
-0.598471	-13.3023
-17.4779	-7.86432
-8.08012	-9.70179
-7.24891	-8.17667
-7.16434	-4.27053
-4.58695	10.7135
10.919	12.1878
8.84956	-0.423102
1.95785	1.72083
1.85094	-20.7036
-20.2723	-10.933
-12.7701	-1.93963
-3.69148	-14.9382
-11.8004	0.152838
-3.68437	0.946932
-4.32324	-9.86748
-2.86687	-4.30616
-4.53051	9.00728
10.708	4.74002
6.91002	6.47078
-1.0202	-0.159982
-0.336204	-19.7077
-19.3037	-12.281
-13.9579	-5.96789
-0.715718	-11.9731
-6.57302	-11.4819
-12.5207	-0.972154
-2.4437	-2.79725
0.047221	2.34503
7.50497	-0.121941
-0.425063	-5.49086
2.1469	-2.5549
-4.38045	3.9697
1.53509	-19.3576
-14.3483	-13.2276
-8.85699	-0.198063
2.21943	-7.6179
-6.46334	-2.37489
-1.80526	-12.9778
-8.67315	-1.96738
-1.99754	-5.02465
-2.92687	-5.4539
-8.33377	-3.47847
-0.302916	-0.170582
2.70407	-3.62777
-5.6366	-10.772
-11.4996	-6.00423
-5.92425	-1.95942
-0.0901415	-18.878
-21.8292	-9.12516
-7.30992	-5.19914
-7.3858	-10.0451
-11.9471	1.95595
0.634384	3.43921
3.20091	-6.2735
-6.69458	4.64877
7.54639	-4.17458
-1.48256	-12.8663
-13.7884	5.77749
4.25071	-2.25096
-3.54682	-27.8651
-27.3105	-8.47479
-8.60344	2.35141
5.70345	1.91546
5.32169	-9.72827
-11.3042	-5.32522
-5.97605	-1.32279
1.65113	2.96906
5.58029	1.89576
4.87039	-11.514
-11.4983	-19.8257
-19.8914	-7.49683
-7.2647	-4.05563
-4.92762	-1.96128
-3.00896	-16.8762
-15.6843	-2.07075
-2.57612	-8.74136
-2.93381	-5.21269
-6.25166	-2.66523
-6.1484	7.41187
5.75792	1.98278
4.92025	-15.3145
-16.2186	-18.5302
-18.5662	-10.2384
-6.73291	-6.24987
-10.0217	-3.68683
1.04718	0.61085
-1.42118	-2.16529
-3.16501	-14.806
-17.6356	4.53259
7.39234	-2.67509
-2.81488	-5.61465
-6.15481	-8.43123
-8.87386	-0.342734
-2.21648	-13.1549
-11.9943	-5.21261
-3.65895	-14.4567
-12.8225	-0.679181
-1.4178	-3.90461
-2.43973	-8.75405
-9.76814	1.06899
-3.79083	-3.94994
-2.68858	0.840126
1.3441	-1.42344
2.37922	-0.196522
2.7353	-2.23459
-3.59767	-6.00172
-7.58693	-11.5548
-10.1275	-12.8894
-12.9393	-12.6588
-14.0976	-12.4677
-9.65199	0.836513
-6.74425	-7.95138
-11.5137	10.2135
7.58409	-11.4525
-13.67	4.7548
1.43582	2.17136
-0.260606	-9.97814
-9.77998	-3.59397
-5.6296	-3.2434
-5.39924	-14.7991
-13.8498	-9.03162
-6.88405	-15.4988
-17.7003	7.6138
7.52011	-2.6615
2.85918	-0.41953
-6.34861	-0.78394
1.51231	-2.94932
-0.494044	0.37386
-0.0533708	-20.1234
-19.2517	-5.76292
-6.19563	1.09938
1.30111	-17.0317
-9.90349	-1.99441
-4.1217	-7.81266
-9.57239	-5.61493
-8.60589	-2.62451
-6.72696	3.81448
3.35053	-5.8625
-3.23753	-0.0216087
3.83288	-2.7096
-3.46612	-9.76626
-9.48824	-5.10329
-6.97066	-1.51628
1.43658	-13.5573
-11.4803	-10.3306
-7.08353	-5.47606
-2.50399	-2.35698
-5.75729	-9.84738
-5.70682	2.3501
1.09601	7.85687
7.01212	-3.11639
-3.40088	1.12226
-1.5188	-16.1292
-12.8735	-4.03993
-4.7028	1.16624
0.715171	-15.7164
-19.023	-13.6749
-13.7136	2.47434
0.265378	7.16681
3.28155	-4.8337
0.188808	-7.78106
-11.2071	-5.79842
-4.21153	-3.37342
-2.44922	3.21807
1.66195	-8.64735
-8.0594	-16.316
-16.1587	-3.45519
-1.6239	-8.76643
-10.3915	1.29168
-0.242532	-11.3022
-11.9364	1.65651
3.49265	-13.5547
-6.91622	-10.1005
-9.35186	1.70876
-1.24636	-3.93228
-3.07979	-1.60595
-1.50094	-5.36722
-4.98404	-2.31004
-2.1675	4.68627
5.2091	-13.4482
-14.0895	-7.57337
-7.33545	-16.9547
-18.9522	-7.92054
-5.27234	-9.23087
-1.33228	-6.90307
-2.23014	-1.18176
-6.07626	-8.14642
-6.29313	-10.6088
-4.74934	-14.1676
-14.25	-12.4941
-12.1812	-2.68952
-1.9871	-9.0197
-9.25422	-12.2314
-12.4283	3.21638
-0.92265	1.12204
-1.00926	2.34123
8.7877	7.28922
5.41671	0.280225
-1.98212	-11.6225
-2.07094	1.74267
0.875023	-10.3841
-6.66284	-11.8435
-9.52366	-12.207
-10.9039	-10.2988
-11.7638	-7.4526
-7.89757	-8.86836
-6.38268	-9.02286
-7.99237	-7.92355
-9.96894	-5.77418
-8.25995	-0.596132
0.624533	-5.05151
-6.41628	-0.309487
2.49817	-5.35068
-6.24277	-3.75549
-4.46352	2.68806
-2.53488	-12.2022
-16.4172	-7.87075
-5.37283	-4.64459
-9.23084	4.1855
-2.76056	-2.71037
2.75034	5.25937
-0.0114039	0.523702
-2.81493	2.45862
4.28207	-7.99688
-5.29438	-7.30367
-7.73268	-18.3452
-17.8624	-10.6511
-10.8129	-11.388
-13.498	4.85784
6.76754	-10.2435
-11.8829	-3.77006
-5.1801	7.55859
9.79523	2.59523
1.62006	-3.48185
-2.86577	-3.12127
-2.06561	-4.7666
-2.54301	-17.4358
-22.2449	-4.06375
-3.09138	-2.66035
-1.57061	-9.37415
-8.62898	-4.63577
-6.59354	-16.2132
-13.3715	-2.29558
-6.97296	-1.99742
-5.11506	3.79594
3.37765	-2.02228
0.104211	0.328474
1.45468	-9.03098
-3.7445	-5.96485
-5.58188	-2.85168
-3.4543	8.24852
8.10785	-16.3891
-15.8732	-9.90456
-10.8696	-10.977
-2.14262	-12.6141
-11.8703	-0.680325
-2.35844	-3.16182
-4.12856	-4.90344
-4.96404	8.41529
5.31586	-2.04817
-0.611726	-10.1111
-10.4197	-1.72923
0.238602	2.35079
3.19828	-18.2757
-14.2673	-6.44461
-11.078	-15.2353
-13.8885	-2.55843
-5.55063	2.59259
-1.56937	-2.78336
-5.23913	-7.82845
-4.80302	-1.2485
-2.42932	-2.58443
-2.86416	-5.44038
-8.51929	-10.5689
-8.53553	-1.86366
-3.96416	-12.4212
-14.1789	-2.01328
-5.58618	-7.2611
-1.79316	-7.6049
-4.39273	0.96171
-0.793973	3.77928
3.29591	-5.59154
1.21016	7.96577
2.91353	-1.99806
5.24577	-18.1988
-17.2446	-16.1385
-15.3699	-4.21307
-5.46393	-8.90242
-7.28457	-5.28886
-7.77043	-6.4903
-1.13191	-5.68532
0.27362	7.07463
-20.1484	-13.2129
-12.4605	1.55416
-1.37783	-8.92943
-7.19644	-8.96801
-12.0526	-3.96359
-1.47732	5.79181
3.16929	3.25787
5.91492	-1.69406
1.29109	-2.43423
-2.63709	1.51512
-1.96576	-0.973209
4.20089	-25.0255
-26.6673	-4.85673
-3.86514	-3.90814
-10.0385	-11.9403
-8.70301	1.59493
2.13305	6.83457
2.80495	-5.47653
-7.15648	2.04794
-2.03483	-9.64056
-1.42342	6.19403
2.14964	2.45786
3.28486	-3.36112
-4.89008	-9.24671
-9.5279	5.30166
4.7434	-0.72059
-1.55048	-23.1362
-25.6914	-5.22542
-4.68248	-10.5973
-9.24351	-13.7931
-14.8493	2.64386
3.27053	3.26629
3.37358	-5.38547
-7.28826	0.891562
-2.35826	-9.79368
-13.8857	-8.48231
-9.93611	-6.48811
-3.62859	-1.84929
-6.09268	-10.0733
-9.34504	-1.86788
2.43192	-7.36969
-13.4715	3.64597
7.78411	-5.85855
-3.44002	0.719174
1.19522	-7.54197
-0.981235	1.3163
5.19993	-6.68747
-3.38393	-8.07584
-6.54327	-13.4692
-14.3254	-5.638
-7.09785	-18.6324
-18.5651	-7.1548
-4.23318	-10.5263
-11.0571	2.22204
2.46738	3.99942
4.33319	-2.35022
-6.81409	1.43886
-0.593466	-12.9384
-5.90595	-3.3148
-4.79265	-2.63268
-3.79755	-5.32216
-5.9573	2.39645
4.02485	-11.085
-12.267	-12.0744
-9.5902	-17.037
-13.823	-10.6194
-7.57728	2.77215
-4.78829	-2.92753
-0.806661	-1.76464
1.56418	2.6507
-0.89406	4.98529
5.98714	-10.2614
-6.58789	-2.42011
-0.832578	2.94074
4.64884	-14.8741
-16.1148	-17.1202
-16.4483	-13.7086
-8.95138	2.11457
3.89161	-7.04996
-8.38483	-12.5893
-9.06637	6.13733
5.61178	5.96322
6.33407	4.05512
2.18516	-5.80752
-4.93642	-5.21107
-5.41951	0.58493
0.361608	-7.8862
-7.19437	-7.92114
-9.27295	-20.7442
-21.2419	-10.1295
-11.0035	-5.4357
-3.14522	-3.95217
-7.05659	-7.84669
-7.50242	-0.278121
-2.91387	-1.06039
-0.630904	-8.04278
-6.23687	-4.58185
-5.09566	-3.19191
-5.88294	-5.28903
-7.44583	-8.21683
-3.06553	-4.19609
-1.05767	5.71667
3.94471	-1.11733
-2.71684	-4.10904
-1.03685	4.55402
0.141173	-6.00041
1.59842	-0.725237
-2.36616	-21.4049
-21.8785	-11.8262
-11.5073	0.555536
-3.7968	-8.63507
-11.2962	-2.4322
1.44752	-18.9742
-20.5053	5.3275
6.48836	4.75721
8.30163	-4.50899
-3.41364	-3.2638
-1.84872	-1.07961
-4.40569	-4.87512
-3.95149	-19.8282
-18.4329	-0.152467
-1.40617	-7.74889
-5.06333	-11.8672
-13.3842	-1.78014
-1.09281	-11.5599
-8.94968	11.6254
9.53211	0.400908
2.99049	-20.3402
-18.3734	-2.53193
-4.32097	3.05792
-0.786531	-1.79887
1.18996	-5.60033
-8.99302	-15.4486
-18.2505	-8.80819
-6.73444	-5.26394
-9.55248	-2.34582
-1.94491	2.06978
0.918496	0.0669823
0.394877	1.51548
13.6354	-5.19275
-0.50934	-6.27609
-4.97551	-6.11438
-7.04498	-0.389222
2.38265	-7.89849
-8.2555	-18.6634
-19.4854	-9.74181
-10.7081	-17.2246
-16.5322	7.57606
9.10769	-0.586804
1.09851	-3.03632
-0.700014	8.93256
5.8215	-3.76018
-0.326108	-7.11963
-3.73988	-5.89589
-8.35361	-4.03914
-5.35695	-5.4578
-3.99095	-17.6605
-17.5787	-15.801
-11.948	-11.5229
-12.9124	0.553169
-1.18021	-3.6933
-6.76002	5.58714
0.310097	0.915438
0.294284	-7.24073
-1.72767	-2.5811
0.975547	5.00777
5.2591	3.80974
-1.18272	-7.61688
-7.86608	-14.6818
-12.9887	-1.38547
-13.6097	-10.2048
-7.31718	-8.311
-7.01315	-17.2635
-13.3686	-9.22993
2.81378	5.83364
-0.191012	-1.98632
-0.0344603	-8.98763
-5.16234	3.29801
3.47721	-3.84253
-0.667174	0.0487468
-1.82755	-2.62139
-1.16754	-19.9725
-20.4211	-12.7833
-6.2845	0.339416
-4.61944	-10.243
-11.5497	6.07327
5.87697	-9.55597
-10.4601	0.645185
-4.37979	-8.06743
-10.0691	3.0905
9.44448	-0.462428
2.70996	4.69622
4.49573	-0.0551281
-2.68398	-23.5611
-22.5117	-7.53206
-7.37041	-5.20053
-5.14411	-10.2809
-9.39387	6.06245
4.05401	-8.96163
-1.00325	-7.1698
-2.01433	-4.7007
-5.75529	10.1164
5.26046	5.42953
3.78154	5.28013
8.39509	-4.79622
-4.18561	-21.9479
-22.6121	-9.33709
-8.85568	-6.59928
-8.12487	-16.2426
-13.5129	-0.0675538
-1.88867	-2.21755
-6.58334	-0.518369
0.693877	2.02647
1.5589	-4.24874
-4.72711	-3.85693
-1.93553	0.558918
-5.88293	-4.24864
-9.66832	-17.0997
-16.537	-19.6379
-20.2723	-3.41859
-3.62942	-5.34509
-5.75322	-5.7288
-10.7436	3.35224
-1.65681	0.452089
-1.68281	0.75464
11.4602	0.0879084
-7.45862	9.05248
7.69721	-5.26062
0.372425	-0.698996
-3.31108	-7.58629
-8.42088	-10.2342
-10.6257	-10.6405
-9.43677	-22.9268
-20.2683	-17.3168
-13.4204	-4.96868
-5.1952	-1.29847
-4.48173	-8.65633
-3.42172	-8.04453
-9.19031	7.35952
4.95663	0.189535
-2.91311	-5.31834
-2.50062	-10.4542
-10.7063	3.36444
4.02582	-5.76944
-3.62548	-17.6725
-14.4274	-10.2994
-13.5913	-12.5413
-12.8681	-2.17354
0.0896789	-0.296322
0.359041	-17.2045
-10.429	-0.893592
0.148862	-1.3312
-0.0329423	-3.1328
-1.73727	-0.983091
-0.415363	-2.07957
-4.00752	-6.91489
-11.2004	-13.9302
-12.9511	-15.5384
-13.4313	1.4513
-1.85869	-5.81304
-6.34397	-6.80864
-5.23176	-9.35809
-9.67647	8.43402
7.12287	7.65373
4.07602	-6.39679
-7.44406	0.192556
0.885653	-1.11527
-2.101	-17.6278
-16.136	-12.4501
-11.2996	-4.02715
-4.91895	-18.0048
-18.1145	-9.3779
-5.25616	-1.06141
-4.77077	-6.1049
-6.8822	-4.30547
-3.94531	2.30212
5.6619	-1.83883
-3.00139	-4.69351
-4.9137	-11.4394
-9.46082	0.847118
-2.35941	-13.5408
-11.6389	-13.5346
-15.7253	-19.1302
-20.0317	4.29337
5.79019	-4.14279
-4.29839	-20.7834
-18.9223	5.73933
2.5229	0.260954
3.02289	-9.46723
-8.90452	-5.16628
-4.94381	-7.90902
-9.95068	-3.66608
-5.92942	-9.40181
-8.84142	-0.0123517
3.21867	-16.5154
-14.7872	-3.92698
-2.80225	-4.60407
-6.40038	-4.64812
-5.02823	-4.68522
-3.43143	3.07256
2.25649	-3.00731
1.96004	-25.6513
-24.5787	1.2443
0.507923	-10.5025
-9.34795	-7.19008
-2.82352	-4.05216
-2.73303	-5.73288
-5.96901	8.42205
8.61533	-10.6056
-14.7252	4.18584
1.96922	-5.58604
-4.00373	4.95085
3.0226	-2.55247
-0.655432	-5.59846
-5.35049	-2.38527
-2.55218	-3.23158
-0.769933	-15.9612
-16.1248	-10.9298
-13.389	-13.0143
-4.94004	-4.7478
-0.798606	-9.34149
-10.4902	0.427254
-2.9821	-3.70555
-0.403014	-1.2635
-0.606319	3.27547
-0.557978	-10.0807
-10.3695	-17.8802
-14.9613	-6.68859
-6.41121	-16.1223
-15.1077	-2.90462
-8.41488	-9.47912
-12.0839	4.39761
2.01335	-17.2458
-15.4662	-5.31313
-3.13279	1.1025
-2.37078	-4.21613
-0.667139	-2.15055
2.46634	-4.23978
-5.69687	-2.36135
-2.46477	-5.74629
-4.43073	-16.5327
-18.2526	-12.9917
-13.8725	-5.69342
-8.00954	-3.02199
5.2226	-7.51793
-7.00247	-0.2185
-2.18694	1.62658
5.43475	-0.790674
-3.13875	-3.86805
-3.30446	-2.20698
-5.032	-8.93058
-9.43769	-14.8337
-15.1733	-14.4014
-8.13011	4.66015
2.15443	-12.993
-16.9684	0.0869093
0.783529	-5.32965
-8.65835	-7.37752
-11.1996	-2.3518
0.714267	-2.13104
-0.934459	5.29713
0.58108	-4.92521
-5.50693	-0.802893
-3.48815	0.685961
1.52438	-11.2532
-10.8736	-11.4339
-10.8597	-15.2947
-17.2327	-3.90584
-1.409	-5.07764
-4.81763	-4.95888
1.33274	6.09449
3.28256	0.166491
1.91617	4.21768
-0.49076	-24.2856
-25.7828	7.64375
8.0071	-9.14261
-9.6425	1.83028
0.577955	3.95361
5.27885	3.86227
4.71066	1.58882
9.10273	-10.9188
-8.50829	4.88936
-8.23908	0.885488
4.02475	-3.59292
-4.67854	-19.3673
-19.3073	-10.2796
-9.18073	-9.6881
-9.10394	-7.898
-4.28391	7.03688
6.62634	-0.344308
0.783607	-4.01726
-4.67231	-1.14633
2.88088	-13.4184
-6.71477	-8.1168
-8.02267	-4.65769
-3.17254	1.53349
3.65624	-10.4557
-8.57914	-17.2252
-16.1573	-10.3169
-11.957	-5.38278
-8.03553	-7.25082
-7.70916	-8.17957
-6.74294	-2.44629
0.864945	-0.591331
0.695223	0.904322
-0.82663	-2.27339
-4.44251	-2.11432
-3.96483	3.49682
2.92276	-12.0891
-15.9957	-11.8475
-14.604	-5.20772
-2.41528	-10.6729
-12.5608	-7.33405
-3.72997	5.63387
4.93611	-4.13785
-2.43315	-5.23117
1.0542	-2.56308
1.44497	-21.5275
-18.3627	-2.08459
-3.97715	0.121346
-0.0600993	-17.9392
-19.2724	-11.1788
-12.7396	-9.94629
-5.54398	-10.7019
-10.1833	8.71588
6.83838	-3.09473
-0.967073	7.20297
9.27458	-5.53477
-8.15107	-2.34935
-2.49246	-3.78503
-4.94737	-0.00916529
-0.30957	3.95642
5.52323	-9.80966
-8.12003	-8.47096
-7.55056	-5.37022
-6.49977	0.0547749
1.06826	8.74078
12.8505	-7.83221
-3.66481	2.18929
0.459367	-8.555
-7.22524	-6.45803
-7.55747	-1.9414
-1.65849	-8.90295
-8.82125	-18.3269
-20.7614	-9.30975
-10.4428	-4.09648
-3.91614	0.354465
0.656886	-8.83282
-8.3313	-0.861892
0.0395325	2.78554
3.93397	-3.6252
-1.74067	-0.691328
-4.57298	-0.077732
-1.08863	-12.2462
-11.775	-13.3687
-12.3238	-10.2977
-6.45775	-17.8171
-14.2665	-6.58389
-4.61461	9.77867
3.61131	1.33801
-1.74576	-2.32586
3.4223	3.53111
8.52175	-6.25858
-1.6347	-4.93431
-6.25039	-6.05303
-5.45168	-14.7612
-6.03531	-3.48833
-0.54451	4.03917
7.21652	-19.1598
-15.2921	-8.79645
-2.55225	-7.31336
-6.71688	-8.45878
-3.59237	1.45957
-0.387053	1.73366
0.466349	-4.86485
0.00402257	-6.67908
-0.789836	2.76332
0.645425	-17.7187
-14.4685	4.41252
1.10838	2.06019
0.88303	-20.2651
-14.0426	-19.1468
-18.4491	-10.7841
-13.3068	-8.84892
-7.73815	8.27767
2.6975	6.66838
8.2962	-3.8147
0.866701	2.06756
2.52085	-10.6006
-12.1571	-1.41367
-1.04073	-8.26236
-9.62101	-15.3976
-15.0991	-10.2311
-10.1828	-11.1904
-12.2944	-6.83367
-3.75249	6.12353
9.29543	-2.18094
-1.51583	-2.60395
-0.061145	-9.37023
-9.9302	1.02444
-0.135728	-8.69063
-7.65714	-6.05529
-4.30171	-11.429
-7.90307	-0.0136557
-4.17675	-17.0736
-19.6376	-15.6447
-12.8055	-0.231189
-0.53921	3.0563
1.74316	4.11256
5.2092	0.548152
1.07664	-4.41267
-1.28338	0.372972
0.536474	-7.08336
-7.31949	-8.27351
-10.9414	-3.2482
-1.34293	-4.45862
-8.70894	-20.9609
-22.4112	-6.30429
-8.84609	-8.20257
-5.92748	-4.12246
0.511689	0.0952848
-0.762116	-0.335075
4.01006	0.828854
-2.00563	1.05468
-2.05623	-5.79724
-5.34096	-14.3633
-15.4538	-12.7016
-13.4385	-2.73115
-0.763732	-10.846
-13.2767	-11.881
-12.034	-4.53481
-6.98949	3.09482
4.57054	1.13698
-4.80587	-2.97308
-9.64385	-2.10777
2.71811	3.87655
-4.55348	0.437963
1.04546	-17.7986
-18.5753	-7.34821
-5.06057	3.13
2.25011	-11.3282
-6.52704	-10.5533
-6.39193	-17.517
-20.9377	-14.8566
-10.2806	-3.01405
-2.32581	-0.90783
-4.54483	-5.6282
-3.69587	-6.46207
-8.92243	-3.30284
-1.25632	-4.65483
-6.22643	-17.2045
-19.444	-15.8374
-15.9422	-5.54902
-3.70467	6.88805
11.6241	-7.43848
-8.53201	-2.39351
-0.576583	5.03787
7.07658	-25.897
-21.7822	7.33062
7.96562	4.06327
3.10847	0.000819637
1.31438	-5.31358
-5.62385	-16.5133
-14.4783	-12.2363
-10.94	-3.63567
-3.91635	0.939362
0.196537	-2.62721
-2.45614	2.1716
1.67942	-1.22646
1.61383	-4.7714
-5.87029	2.70766
0.787241	4.06904
-0.278736	5.38842
-0.339369	-23.498
-20.5033	-7.35121
-4.0286	-2.16832
-3.36064	-17.861
-20.4623	-17.163
-15.6316	-7.67393
-6.59714	-0.546974
0.105994	-0.800921
-6.08361	6.82668
5.87602	-0.0505505
-4.22186	-2.62141
-3.54195	-4.36716
0.5216	-12.4668
-10.9425	-12.621
-13.5852	0.580669
1.0379	-13.6188
-13.5386	-8.86267
-9.02807	-18.9699
-16.5599	-11.1519
-10.2264	-9.10682
-10.1984	-0.883389
-1.50839	2.0865
1.92062	-3.14454
-4.2336	-1.80309
-2.18942	-4.27933
-5.089	-14.3788
-14.3361	-7.08114
-9.4399	-1.37373
-3.43116	-4.13159
-4.2801	-13.7551
-13.0357	-6.39112
-6.11611	-4.76824
-8.78773	0.453213
5.75209	-1.62788
1.58867	0.972507
4.09131	6.96268
2.56291	-13.9338
-14.8738	-17.3731
-13.4579	-2.05737
3.82048	-8.22757
-2.78041	-7.04894
-10.5787	-4.21204
-1.46283	1.29775
-0.20373	3.69706
-17.4148	-11.332
-10.18	-4.8911
-0.670767	-13.8355
-12.6288	-8.98042
-10.639	-10.5721
-9.51702	-1.82442
-0.495976	-2.38925
-2.92702	-0.954926
4.28092	4.52692
0.245028	0.454313
0.767529	-2.21535
-0.98122	-18.6957
-18.5437	-10.0164
-9.3424	-5.89936
-6.95508	-15.1232
-13.9621	-3.46367
-1.65702	-4.5772
-1.37708	-9.50949
-4.94927	-7.35328
-9.09039	4.15342
4.10903	6.51742
5.95472	5.01975
0.599223	-3.34945
-3.42866	-18.4933
-18.4371	-13.8606
-11.3429	-8.59969
-5.63479	-10.3981
-9.70181	-7.10088
-7.62982	-6.09705
-1.60131	-1.08267
1.64265	2.43619
7.04577	8.36079
11.7831	5.41556
8.34151	-3.7323
-1.90477	-7.35754
-2.31356	-18.7182
-20.2404	-11.6335
-13.3341	-2.4898
1.12973	-10.3414
-8.41353	-17.4192
-17.5172	-10.6375
-11.5911	-0.911663
-5.2725	-9.40349
-5.78222	0.677812
0.416719	-4.36924
-7.16073	2.46367
2.50966	-6.83645
-5.12899	-3.15519
-3.63038	-3.33389
-10.7381	-14.7548
-15.6823	-11.5923
-10.5096	-6.16459
-8.32285	-6.15088
-2.55003	10.2093
5.64155	-7.44219
-5.45472	-0.823072
-10.8469	-11.8105
-2.05471	-6.23989
-5.75031	-0.577355
-3.8239	-15.632
-17.2566	-10.6716
-3.09751	-13.6803
-18.9871	-7.58923
-3.90575	-3.58112
-2.5155	-0.791369
-3.86637	2.47231
-3.09811	6.11198
7.48466	-1.96353
-5.49453	6.99211
3.02976	-2.70033
-8.66094	2.10415
2.84259	-17.5204
-13.611	-2.84228
-5.15837	-5.82437
-5.5837	-16.8239
-17.9036	-18.0609
-15.1197	-5.46021
-9.84965	3.32407
11.4375	-8.44399
-7.48368	0.616883
-0.500198	-1.85163
-5.61389	-0.74536
-1.61937	-7.31131
-4.01888	-3.94196
-2.53191	-14.0882
-13.8887	-10.5868
-11.1037	-12.4058
-12.716	-9.88889
-15.4038	-10.5957
-9.10038	-3.24778
-4.6419	-4.11108
0.369349	-0.562744
-1.72164	-0.733432
-3.20052	-1.93342
-2.90993	-3.50018
-4.21068	-7.70279
-6.59949	-13.1212
-11.6878	-6.14872
-5.39116	-18.4108
-19.8584	-14.5183
-15.7616	-3.88723
-1.74766	4.54629
6.26395	0.906342
-0.734208	-0.622827
-3.05145	-2.895
-2.13739	-8.91831
-8.27385	0.80228
-1.9192	-17.5426
-15.5967	-20.4909
-12.3169	-6.62952
-9.94515	-13.032
-13.8631	-0.541988
1.75162	-14.1705
-13.6199	3.05096
-0.680966	0.641637
4.0254	3.42796
0.87655	-9.35646
-6.55954	-4.93033
-6.2963	0.32003
7.19751	-2.07941
-2.61157	-4.51487
-2.25704	4.74331
5.78424	-7.43445
-8.39532	-13.6231
-13.2328	-10.5674
-10.7471	-4.76243
-5.45032	-8.4375
-8.53162	-0.88705
2.56512	-15.1039
-16.1243	0.210603
0.685119	-3.24481
-5.70385	-1.13669
-1.57654	-5.60881
-5.24951	-5.08425
-3.59327	-11.9394
-8.22806	-7.35678
-10.9405	-3.00851
0.0573604	-6.93333
-8.15396	-4.24762
-7.90447	3.66626
1.40757	-1.32791
-4.69719	2.52043
2.86377	6.00025
3.21515	-17.26
-11.4757	-7.57658
-13.2095	-14.1643
-13.8622	-8.68416
-9.14432	-2.1846
-2.71437	-0.561453
-1.8792	15.7263
11.8597	-5.37581
-6.67306	-14.6532
-13.0354	0.839933
-1.32469	-6.45987
-4.15678	-5.63165
-1.08482	-5.46654
-6.11765	-12.038
-13.2619	-8.70653
-8.21367	-15.8887
-15.4155	-3.72498
-5.73198	-2.29001
-1.78318	9.68248
9.40913	-5.38058
-6.24007	-13.3359
-11.2943	-0.846086
-0.306397	-3.3384
-1.79338	0.993
0.775064	-6.23122
-7.6196	-14.425
-15.0745	-9.6816
-9.34228	-17.1136
-14.7918	-4.84639
-7.34252	3.40416
1.95618	4.19808
0.760452	-7.90512
-6.93252	-8.05692
-6.4471	3.51375
-0.0908649	-2.06376
-2.75953	4.02293
2.81587	-15.8275
-17.9711	-15.6197
-17.0011	-7.62691
-0.976658	-4.03659
-17.4428	-6.27167
-9.26523	-7.60042
-10.7875	-4.80947
-1.24416	1.59467
3.59938	-1.52168
-1.88366	-1.83832
-8.15866	1.6621
-1.69103	-7.00272
-5.43066	-8.74934
-8.39646	-3.42908
-4.59549	-6.24073
-4.64249	-19.4029
-18.0673	-13.8712
-14.9255	-1.15437
-1.25901	11.6695
11.2867	-5.8052
-4.90889	-5.42413
-8.71355	2.75315
5.3149	-11.1386
-14.2508	-2.87207
-0.311949	-4.7673
-3.74694	-1.72329
-6.79966	-6.42823
-6.21266	-6.7147
-8.77088	-10.1543
-12.9069	-4.04379
-10.2958	13.4227
15.7463	-2.81885
-10.2728	2.06062
6.23949	2.88858
-2.05391	-12.9392
-13.1761	2.00064
1.38686	-8.54413
-6.66362	-10.6733
-11.2443	-9.5631
-12.0381	-10.6373
-13.8482	-15.9777
-13.3026	-1.08214
-1.87873	-3.598
1.85571	-7.77837
-5.05123	4.70283
-0.168127	-4.66696
-1.71268	4.31015
0.498182	-0.805931
1.57104	-2.78349
-0.889131	-4.17698
-5.50642	-8.3079
-3.92144	-12.0191
-12.2666	-12.9494
-8.87365	-3.19292
-5.83164	8.13106
9.89281	-0.516298
-2.25527	-2.11247
0.325932	-0.429202
2.5579	-0.422125
-4.54096	-6.7223
-3.9588	-16.0681
-15.9389	-11.7219
-14.9881	-8.90879
-3.29063	-6.25574
-9.25542	-7.99202
-8.57179	0.0437238
-6.34592	-1.42937
0.39347	5.8399
6.14359	3.79235
0.891323	3.41822
-16.0617	-10.7785
-10.3448	-4.12699
-2.45183	-12.1493
-11.9898	-0.487318
-3.83613	-8.86657
-9.58455	-2.84425
-7.72859	-14.3612
-13.7568	5.02381
5.09467	1.92437
6.69638	4.67038
7.12251	1.97026
3.94854	-20.9697
-20.3461	-9.16891
-8.18562	-6.40949
-4.90122	-10.0103
-10.9774	-3.88305
-5.21237	-9.97392
-4.45412	2.2459
-1.56471	-8.06184
-9.17769	7.05393
7.28757	1.25931
-2.56131	-0.98131
0.728732	1.68205
8.41984	-19.5696
-18.7582	-13.6917
-14.0069	-4.31648
-4.11614	-7.48573
-4.0914	-4.83391
-5.53272	-2.83306
-2.98883	-6.99568
-5.45224	1.8659
-4.20089	9.66877
9.06439	1.13863
0.137366	-2.93219
-4.90699	-5.12221
-2.96194	-10.2045
-7.41013	-0.036213
-3.12544	3.3283
1.10135	-7.97582
-7.73361	-3.61323
-2.60432	-21.2124
-16.3708	5.92149
3.40279	-12.4709
-6.68177	1.73338
2.42275	-17.1908
-10.416	-5.15406
-5.9668	6.90844
5.63772	-4.97334
-8.05126	-17.3195
-17.2032	-10.0242
-8.31466	-3.48972
-3.07376	-13.1874
-13.3454	0.751824
-1.63195	1.82843
7.41723	-3.91499
-3.37116	-2.61893
-5.38955	-5.59077
-4.86699	-5.51191
-2.3698	-4.30664
-1.72608	-5.83943
-2.12488	-7.50555
-6.94037	-2.08754
0.15346	-9.80645
-10.5459	-16.0334
-20.2053	-11.2799
-11.8701	-1.24336
-4.07606	-4.86476
-6.16763	-3.50889
-4.25816	-7.66459
-6.90044	0.920249
-2.31818	1.61946
1.21192	-7.82771
-9.56213	6.64106
6.56259	-6.92977
-6.86206	-15.188
-13.6681	-12.9912
-14.2044	-10.5886
-10.5755	-9.84612
-7.15164	-1.0153
0.238938	-8.69609
-8.948	-2.65907
-3.22071	5.76968
2.2111	-4.63919
-1.54991	-7.23645
-7.72555	1.34088
1.14249	-5.53934
-6.43879	-18.6019
-16.6502	-15.739
-13.9745	-14.4036
-7.20911	3.09782
2.74837	-8.4995
-6.09784	2.67482
7.09118	-2.50143
-0.865809	3.95761
0.854951	-6.56351
-3.40166	-14.9682
-16.7668	-3.20696
-1.41255	5.08179
2.33853	-3.46425
-3.82498	-16.3187
-18.3812	-13.7285
-15.2046	-6.02847
-5.152	-6.34467
-14.91	4.21509
0.985601	-2.62927
7.30484	3.97669
0.360073	3.52341
3.71531	-10.2467
-10.6776	-12.9735
-11.4828	-8.66848
-7.79749	-6.58285
-8.59287	-6.17323
-6.61836	-10.4766
-7.91119	3.13221
-1.84208	-14.1232
-10.0594	0.767579
2.67074	-11.2461
-1.63795	2.84417
4.90276	-5.69528
-6.54401	-7.7433
-7.01949	3.14258
2.00958	-3.45393
-5.08789	-14.7344
-16.2405	-12.224
-10.2935	-17.3619
-19.0701	-2.2594
-6.49946	1.81661
-1.54523	-12.6009
-9.31845	4.61347
7.39924	-3.10958
-6.00111	-2.49731
-7.45782	-19.5615
-20.9445	-5.74747
-6.69029	-3.59009
-3.50665	-13.4143
-14.2649	-5.50449
-8.84277	-11.6881
-10.523	2.27007
-1.19747	1.35232
4.66945	-1.09107
1.03317	-2.52536
-2.55012	-2.08886
0.132771	-10.7378
-8.30351	-18.7515
-18.458	-12.2754
-12.3567	-11.429
-12.8932	-4.66757
-11.8078	-0.314083
-4.39854	-6.0389
-5.46487	-2.7299
-1.77199	-4.05191
0.0584215	-2.24662
1.29283	-6.78283
-7.1017	-1.03249
0.783494	-0.409039
-0.244223	-4.75393
-5.32249	1.42042
3.04219	5.03097
-3.4402	-7.06803
-8.23553	-6.11649
-8.36441	-9.7184
-5.87225	-4.27589
-6.91729	-2.29444
-4.3716	0.450332
-1.26141	-2.32851
-6.5488	-4.6536
-8.8502	-0.306382
5.32354	-5.6833
-4.68096	-9.72633
-9.41073	-12.0545
-9.26837	-10.1708
-8.27237	-7.61554
-7.55183	-16.9362
-16.6879	-6.10163
-4.67196	-0.317396
-2.17566	-2.32963
-3.05783	-9.20762
-11.8891	2.96929
1.04209	-7.50485
-8.32211	-8.53579
-10.0735	0.616995
2.52888	-5.20671
-4.06257	-12.7054
-12.0731	-18.7418
-18.112	-9.0345
-10.8795	-3.86726
-5.06039	-2.8871
-6.79563	1.36872
-1.0042	-1.27337
-1.51305	1.43581
1.558	-4.487
-3.399	-9.62323
-9.05196	-2.1285
-2.40729	-9.75748
-11.1602	-18.898
-17.0759	-10.7921
-11.786	6.7179
3.03321	10.0542
13.9219	-14.152
-19.4674	-5.09991
-0.564517	-3.41052
-2.17114	6.46506
9.65867	6.82557
9.24157	-8.4633
-10.5326	-16.7637
-14.7595	-3.18892
-2.43904	1.58861
1.64166	-2.08865
-4.34496	-8.61313
-4.85986	1.29255
2.78247	-5.19891
-2.51003	1.73538
10.2213	-1.03214
-2.07112	3.37554
-3.75995	-2.06414
-2.62127	-16.9564
-17.7832	-13.3243
-12.6381	-9.19898
-8.84945	-5.82727
-4.68547	-3.32131
-8.69127	2.23205
5.64657	1.72297
1.42773	-3.28015
-1.08584	-1.52238
1.54412	-7.49444
-12.5704	1.66723
-18.1265	-5.01549
-9.91883	-6.34169
-3.71257	-10.3439
-14.2564	-4.33376
-4.57686	-3.66365
-0.951754	-0.216725
-0.341245	-9.86189
-8.89737	7.37111
6.19662	3.59012
-0.00523155	-2.13708
-2.5551	6.09194
-1.73562	-19.4022
-20.7836	-12.8367
-11.7425	-4.22267
-4.32609	-13.2512
-10.6427	-1.30122
-0.856305	0.883361
1.17384	-1.74452
-0.543706	-4.77925
-3.48946	5.4947
7.53912	1.03598
-3.77877	2.15702
1.52971	-2.54865
-2.35035	-25.9502
-28.3442	-6.13922
-9.77797	-0.783098
-1.33229	-10.9133
-10.2825	-0.349343
-6.94852	-0.753289
6.3082	11.7843
10.8069	-24.5524
-21.5764	-1.70611
-1.22331	-2.50701
-1.70801	-0.373347
3.27039	-3.76339
-1.8731	-9.35346
-7.91827	-9.35507
-7.3376	1.09486
3.25544	-13.4728
-8.9814	-13.6107
-11.9922	-17.1824
-19.2761	0.52609
-2.91489	-11.7385
-10.7111	-3.40829
-3.2358	-9.25277
-4.69984	0.113527
-1.88194	-1.79592
0.0509821	-5.52425
-4.76989	-7.66897
-6.69822	-4.3405
0.178546	-9.31069
-8.19273	-8.8816
-13.9542	-4.49195
-6.35912	-5.09709
-5.65458	-9.05876
-8.54429	-1.12543
0.906245	-2.09428
-7.73066	-1.97755
-0.920698	-12.0228
-10.6426	-2.96917
-3.01318	-5.70654
-6.739	-0.769659
-9.81494	-6.90501
-14.5581	-3.73204
-0.818487	-1.94113
-3.04631	2.30209
2.5463	-1.05768
0.523097	4.76888
8.9664	-12.8445
-7.59624	-7.14064
-5.59325	-2.589
-0.288557	-3.01074
-2.25411	-5.9808
-7.09625	-8.49808
-6.66541	-8.40857
-6.67528	-8.67073
-3.86683	-9.36571
-9.76267	-7.65202
5.07302	-6.44032
-1.66877	-1.4394
2.88509	-0.895962
-0.130572	-4.54407
-3.05208	-5.12178
-3.56827	-6.35452
-5.91838	-10.2299
-11.5945	-14.3442
-15.9981	-11.5736
-11.7703	2.03177
1.95515	-10.572
-7.71952	5.07581
2.58263	-11.3092
0.146188	-13.4949
-11.6796	-8.90145
-5.92041	1.15015
3.62006	6.20004
6.75654	-12.2468
-12.4155	-12.6404
-9.22076	-9.6147
-9.51054	-4.99667
-7.61175	5.32003
2.20554	-4.70859
-2.55659	3.36151
6.48972	0.820313
0.603002	-22.7759
-17.3154	-0.496292
-0.218674	-4.82867
-2.5188	-1.34904
7.70907	-4.03618
-5.6878	-11.2157
-11.5494	-0.495502
-0.252064	-5.64614
-4.60077	-5.31206
-2.66535	-0.392868
-0.50946	0.90118
-7.2863	-10.1587
-9.2383	-11.1021
-9.32552	-7.78297
-5.15027	-1.76357
-4.89004	-4.81242
-4.70448	-4.88647
-4.88295	-4.62553
-8.50542	-12.457
-16.2002	-12.307
-12.2383	2.32045
3.56876	-3.1343
-6.68097	10.5412
11.6052	-12.9139
-13.7896	-6.64666
-6.13845	2.05616
-0.689208	-2.65785
0.248304	5.51966
2.84078	-7.37175
-6.20923	-6.72982
-4.50604	0.669477
1.63385	-12.858
-6.28681	-15.3212
-14.201	-5.14228
-1.61091	-5.89154
-4.32249	-16.632
-15.9627	3.44879
-3.32715	-8.53479
-7.02327	2.549
2.69794	-0.0749938
-3.31079	-8.05117
-9.48311	-3.96676
-2.95614	-7.67232
-5.55129	-5.75998
-6.55898	2.51897
3.87728	-7.95086
-10.5774	4.31285
3.51479	-7.79594
-8.49695	3.41029
0.256627	0.853345
4.06603	2.68696
0.941338	-3.0837
2.28068	-23.932
-24.3378	0.00164113
-2.63853	-10.2094
-9.26168	-11.4849
-12.7289	6.35725
7.28275	-1.55396
-1.40045	8.05103
9.18834	-2.69554
-2.73805	1.39778
2.19618	-1.47024
-3.6788	-1.3351
-4.47654	-3.70958
-0.288402	-19.129
-19.5766	-9.28776
-9.30166	-8.08322
-6.86906	-16.2227
-13.6569	-6.53855
-6.30288	-5.41294
-4.45906	2.71137
2.76796	-0.688882
-15.013	-11.3965
-8.76096	-2.98391
-1.57153	-5.19831
-8.06365	-4.05725
-4.48086	-0.787648
1.80426	-1.34174
-6.14066	5.48304
0.727008	0.161207
-2.33531	0.39444
0.439511	-3.20554
1.05073	-4.64926
-4.45986	-23.7533
-21.8334	-5.02311
4.35633	-4.76961
-5.9526	-14.5894
-13.6049	0.0106351
-4.791	0.183523
-1.90658	5.20556
10.9642	-9.1254
-7.57179	8.87653
6.88931	-7.73363
-10.5975	-1.80737
-5.01486	-3.18261
-3.76426	-8.14907
-9.38523	-8.75484
-8.71422	-11.0134
-10.639	-20.7627
-18.7831	-11.0233
-11.6835	11.3566
9.34818	4.71672
9.00405	-13.2176
-14.1262	4.01255
1.92296	-7.76291
-7.88066	-2.57431
-5.35516	1.22087
1.58976	-7.37564
-7.4083	-12.0581
-13.3838	-9.39345
-8.15552	-12.0473
-9.4183	-6.44221
-8.72511	-0.221171
-0.376013	6.20731
6.31394	-22.6131
-21.9518	1.12443
1.68056	-5.08279
-7.83991	3.60443
-0.054656	3.66004
1.85469	-12.2996
-11.5717	-16.8307
-13.4496	-8.19687
-7.58923	-10.9124
-7.58522	-5.58816
-5.62672	0.894684
-0.143386	-2.49865
4.41425	-6.25168
-9.70367	-5.26135
-3.09208	-4.11637
-3.36879	-3.23524
0.92808	-1.68259
-0.672351	-15.1464
-14.0048	-11.1464
-12.849	-1.16616
-5.99202	-12.5014
-10.7594	-5.10227
-4.54917	-8.95216
-9.59093	2.31353
3.97563	-22.9225
-19.4631	2.05066
-3.70102	-1.07778
-1.41792	-1.35861
-5.25344	2.27314
0.512991	-7.07173
-6.25668	-0.708795
-0.646256	-0.708244
-0.0925746	-16.5235
-15.5717	-13.3571
-12.1053	-12.1669
-14.564	3.04355
-0.00543305	-13.1445
-8.43272	-2.96321
-9.73544	-1.35509
-6.05248	-0.676086
-3.66629	3.62327
-0.191519	-6.31906
-4.81309	-8.02292
-6.48428	-5.87338
-6.20492	-10.7829
-9.94906	-8.00795
-10.7222	-7.48566
-7.26196	-1.18285
-1.64208	-4.6923
-2.74368	-3.39576
-1.21098	-1.03168
-4.21557	0.565346
-2.36937	1.58026
1.41816	-0.734109
0.484774	-1.53485
-5.99556	-14.8038
-14.8307	-11.4545
-8.3906	-8.94549
-7.33331	-2.50868
-1.92701	13.5096
13.9443	-7.6818
-9.78572	9.59735
-1.57601	-15.5591
-17.1397	-9.19174
-6.78676	-1.8413
-2.57904	0.469835
-1.47158	-7.08894
-8.90587	5.24325
-1.47952	-2.24797
-6.28137	-5.02645
-4.22151	-3.42311
-2.49662	1.19852
3.23291	-0.864718
-0.437406	-0.979236
4.5811	1.54987
1.72005	-9.01665
-8.0933	-0.374094
-2.35801	-5.39151
-6.46657	-8.95444
-9.55548	-15.0687
-6.11257	-8.514
-9.31811	-12.1515
-17.8017	-9.74064
-9.51199	2.20086
-0.653667	-3.01883
-6.7394	-5.42594
-2.97475	-5.82497
1.78132	-0.484042
2.70498	1.77616
-3.0968	-6.04687
-5.49433	-13.8893
-12.8542	-10.4819
-11.1755	-15.0284
-17.0997	-4.49372
-6.71947	-0.873465
-1.57859	8.4822
8.51912	-11.5778
-11.0971	-0.733234
-0.0841508	-6.62576
-0.366403	-2.38385
-2.51239	-3.82838
-1.33077	-6.60732
-7.76283	1.1334
1.53395	-5.71786
-4.75978	-23.0626
-24.0719	-6.91958
-6.31827	-5.80209
-8.13443	-6.37422
-11.0086	10.9376
5.4076	-4.71411
-10.7247	-8.32941
-5.87244	-1.97533
-2.41121	-12.3509
-3.7219	-17.4615
-17.0924	-13.6076
-7.75968	-0.337379
-4.74453	-15.682
-18.6511	-8.86401
-6.60448	-3.01672
-5.38303	-2.46939
-1.20828	0.75303
-1.56493	1.27363
0.804706	-3.04556
-3.46977	-2.9098
-0.619512	-4.64788
-2.92819	-12.56
-10.7633	-10.7079
-3.74121	-4.79774
-5.62137	-5.05918
-4.04673	-4.58364
-5.72197	-7.29949
-6.57285	7.12368
17.7454	-7.50211
-8.92871	2.58406
2.03718	-1.21867
0.94839	1.04841
-0.3925	-1.61356
-0.368528	-21.8751
-20.5838	-6.24434
-5.03514	-9.25518
-16.1369	-9.62716
-14.2087	5.77899
2.07319	-5.00352
-8.36795	1.75669
-1.02812	-0.782925
-2.07021	0.439546
0.119865	2.24946
0.663496	-0.290197
1.2677	-4.55426
-5.51946	-13.8427
-20.8943	-5.32155
6.09988	-9.33745
-18.669	-2.74258
1.80599	-7.65666
-5.29774	-5.70731
-5.22333	4.6361
5.64269	-2.2888
-4.15826	2.56724
-2.90147	2.24066
1.50122	-2.10738
-0.318465	1.74206
0.535826	-20.8001
-13.6781	1.00611
-1.49605	-9.48995
-9.09395	-18.0432
-13.9058	-16.9813
-16.0066	-8.1717
-11.0486	1.43365
-3.97343	2.7494
1.7125	1.46092
4.37281	-1.03503
-0.714454	0.175118
2.84607	-10.6836
-11.461	-2.34523
-1.81796	-3.70353
-6.37843	-11.8793
-10.7387	-15.3049
-6.75282	-6.19246
-2.85793	-9.10813
-11.087	-0.051093
0.820698	-2.44986
-0.338486	-6.84743
-8.8538	1.75498
8.27988	-9.13224
-3.62339	0.391037
-4.48339	-25.4796
-24.7368	5.55219
7.62979	-6.87364
-7.11212	-15.7132
-16.4723	-1.55286
-8.25633	-11.6565
-10.1315	6.81905
7.50274	-3.16703
0.278755	-4.09384
-8.59498	2.44095
-0.401902	-13.0862
-15.6269	7.85935
5.08412	-9.88164
-8.85767	-3.45891
-0.252346	-1.59499
-4.72931	-15.3996
-13.3779	-6.44643
-8.24463	-8.20651
-17.4673	7.45407
3.81027	-13.8953
-12.1742	-11.4731
-7.16199	-0.322339
-1.34275	2.31156
5.38628	3.9785
4.5223	-25.6591
-25.0814	2.9878
0.620738	-9.58616
-8.68729	-1.6182
-2.99522	-9.30045
-5.98792	3.18069
5.49416	6.15382
-0.409362	6.54868
7.19943	-7.01234
-1.77572	-3.19039
-0.493253	-1.80769
1.12467	-3.90848
-1.74815	-12.9998
-19.6354	-0.808862
-2.37915	-6.83165
-7.65194	-13.683
-16.0278	1.57928
7.22959	-6.1854
-8.33384	6.8133
8.43713	-7.08285
-11.224	3.79537
3.55948	-3.31535
0.0975194	-2.63728
-5.24504	3.37658
4.3262	-20.2171
-18.5893	-10.3618
-11.604	3.03406
-0.822318	-0.670677
-2.30212	-2.05189
-5.0017	-11.1604
-15.2598	6.62442
-0.275646	-15.7346
-8.60302	7.80214
0.948847	3.95856
4.58899	-2.86913
-3.35936	4.56609
1.36549	-15.4519
-14.895	-10.5822
-11.2528	-3.25592
-5.52176	-4.87517
-7.39695	-3.78755
-6.75523	-3.49356
-3.08433	-1.67666
-6.92263	-3.7639
-16.9067	-13.5592
-15.2225	-14.6586
-6.28022	-9.39756
-6.81617	-7.66124
-8.17143	-7.66847
-12.0733	4.26348
1.92401	-5.48677
-9.52971	-0.529467
8.71016	3.16038
6.68701	6.5281
2.96304	0.118562
-1.49788	-18.8514
-20.4199	-9.11388
-7.11341	-6.46688
-8.26624	-7.99137
-9.97277	-4.03334
-0.0163088	-5.88022
-12.169	2.07957
6.35682	-7.31738
-11.9686	4.77547
5.62085	7.44881
3.77533	2.90627
9.373	3.29655
0.586779	-20.1233
-19.214	-8.52046
-9.78554	-12.7696
-11.4046	-8.49862
-5.46992	0.224467
-3.06273	-10.9403
-5.35802	0.706593
0.603751	-6.12163
-6.01064	-10.0285
-5.86865	-3.24294
-1.06015	0.0356529
6.02113	-2.18587
0.604148	-18.2274
-21.1532	-14.8798
-11.5187	-4.82071
-5.4113	-0.799907
1.33272	-3.87059
-7.35175	-3.81919
-1.42211	4.04205
2.45	-2.87176
4.17472	-0.632867
-1.92069	4.14923
1.82372	-0.861888
-2.94436	2.75248
1.14931	-5.12538
-3.25205	-8.01677
-4.52491	-16.9184
-17.2565	-7.61681
-5.24392	-11.385
-9.32146	-18.2236
-11.9842	5.11886
-3.99383	-3.29659
-1.55608	0.985834
-0.261114	-8.34319
0.515883	-0.0333803
-3.43581	-4.65073
-4.87405	-14.7516
-9.72622	-5.45858
-7.69073	-15.1214
-17.4233	-11.6812
-10.1516	-4.56614
-4.75895	-15.321
-12.5392	7.81167
4.7299	-6.23115
-7.69629	11.4293
9.25348	-9.92747
-11.3193	-3.09952
-2.53115	-1.76671
3.26967	-5.55248
-4.14469	-11.9227
-9.08465	-7.97056
-7.2072	-13.5599
-15.4681	-2.52783
-3.14032	-16.49
-12.8274	17.5595
18.7	-10.9295
-9.38462	0.498534
-0.950946	-7.83274
-7.89539	-6.44904
-6.63207	-0.470557
-1.15883	-12.038
-14.6474	-7.97296
-9.24825	-11.1883
-9.112	-12.4293
-11.7576	-5.65586
-7.6341	-2.76915
1.75951	4.67184
4.34544	-4.91044
-0.641609	4.02461
1.95538	0.931248
0.810379	1.31335
-1.62786	0.631034
3.61442	-9.1337
-11.0018	3.74442
2.9109	-3.55784
-3.79767	-24.3098
-25.7671	-11.6806
-11.1199	-7.18053
-1.46287	-3.59419
0.82707	-1.26226
-9.47612	-0.297289
-6.78433	-2.89814
-2.90455	7.5947
4.49003	4.41476
1.90153	-4.6585
-4.31567	-6.92367
-7.64131	-4.08156
-1.94306	-9.76725
-9.4031	-7.68923
-7.71186	-18.7653
-18.7748	-7.5298
-7.35695	-13.7341
-11.9595	-0.68976
0.722025	1.05101
-1.51753	-5.40394
-9.69765	-1.36033
-2.91058	0.207154
-1.93539	-11.7553
-13.4686	-11.5678
-14.3352	-18.6911
-15.9657	0.606925
2.19962	-14.7269
-13.5792	5.5712
8.31345	-1.89017
-8.94906	-18.5855
-14.1081	7.19401
5.62536	-1.37062
-0.624156	1.52036
3.40729	-10.5036
-8.84255	-8.21152
-5.317	-2.45683
-2.44072	-14.2294
-10.1304	-13.0932
-11.0866	-10.2805
-10.2542	1.22527
-1.31148	-5.96031
-4.25673	-10.5635
-13.1886	0.298667
1.76127	2.1733
-1.05467	-4.45247
-1.88982	-8.02306
-7.99737	3.35304
1.71164	-5.04376
-3.82034	-18.8234
-20.5403	-6.5516
-7.51333	-14.0051
-8.67835	-5.4979
-5.55555	-0.845588
1.58739	-11.553
-10.169	3.22727
-0.0146162	-3.48269
-7.06516	-1.49464
-0.75738	-4.2053
-7.47423	-6.48865
-5.84992	-8.59375
-10.1963	-14.4469
-15.0216	-0.359839
0.714063	-7.32114
-6.14876	-8.52353
-5.55838	-15.6606
-9.8052	-0.718607
-1.41352	-9.69451
-10.2009	2.93597
3.10736	-2.31607
-4.51836	-8.61557
-8.34597	-4.17028
-5.42834	3.96645
3.95246	-18.2892
-15.695	-8.09258
-9.25969	-7.16977
-5.9612	4.59619
8.87444	-5.71973
-7.91549	-4.02712
-4.21654	2.08782
3.161	-7.95367
-8.57285	0.640097
0.965262	-7.15292
-7.28478	-11.9062
-12.45	-7.98631
-7.78983	-13.3851
-12.4713	3.3895
0.405585	-3.56434
-5.88038	6.94231
6.37842	-10.4814
-9.14168	-7.87879
-6.37472	-3.00612
-3.84968	0.68564
-4.15017	-0.231208
1.87764	-13.1147
-12.2822	-16.8976
-15.3804	-10.5958
-11.9816	-10.1912
-13.234	-7.26037
-2.04063	-2.90336
-2.45479	0.529593
3.8906	-5.8679
-1.22706	2.18564
2.10012	5.3037
3.54541	-5.11776
-4.03966	-0.557082
-1.87632	-10.7062
-6.47499	-3.24649
-4.10611	-4.56105
-5.05909	-22.6081
-24.2361	-14.5879
-15.173	-3.7318
-14.0262	5.73834
7.51979	-8.82554
-10.7517	7.52788
4.82781	-4.92264
-0.907789	-2.20968
-2.24664	-2.93763
-0.111185	-6.65983
-4.76914	0.53612
-2.08397	1.34325
1.29339	-8.17358
-9.18835	-10.8759
-4.81178	-16.7017
-15.2955	-7.3522
-5.44807	-8.62948
-3.818	-10.9728
-16.19	3.81317
9.84993	-1.64323
-3.1324	2.20335
0.913233	-6.02775
-4.36387	-13.2295
-11.2109	-14.7029
-13.1618	-12.901
-14.9539	-1.00162
-0.25118	-12.124
-12.5496	8.84542
11.2965	8.58372
6.25164	-22.9477
-23.7658	3.1834
5.38447	-10.5585
-8.61594	3.49487
3.52462	-1.91442
-2.95675	-11.1128
-9.78991	-8.95082
-9.23087	-5.24845
-5.47551	-5.65553
-3.70062	-7.93454
-5.2442	2.99426
1.53277	-2.70871
-0.831931	-0.706511
3.03319	-12.1467
-12.6169	0.713651
-3.75168	-5.08286
-1.14853	-4.47144
-4.34565	-13.1793
-12.9872	-9.5943
-8.92905	-18.9359
-19.6782	2.64517
5.10376	-11.3844
-12.7147	1.62952
-0.436625	0.874066
3.86795	-5.12422
-8.26626	6.58456
6.60915	-1.47087
-0.280542	-8.97033
-5.94335	-2.65504
-2.16023	-13.6017
-10.1176	-20.1376
-19.5043	-17.8717
-13.1061	-1.72189
-0.886352	-9.42795
-9.04861	1.67944
-0.713318	-8.95064
-4.32241	4.98222
4.05856	-1.94329
1.67707	-3.92102
-7.68623	-5.19508
-9.23124	-11.6149
-14.2396	-14.3617
-17.0011	-7.90896
-5.75821	-10.9654
-10.7309	-9.00832
-2.34811	-12.5044
-21.8291	2.02879
6.85854	-10.4855
-5.94904	8.25279
2.33484	-8.62325
-10.069	-4.38549
-6.78882	-1.28466
1.48543	-5.58704
-3.11919	-9.97953
-11.9341	-19.8814
-14.3244	-13.1331
-11.924	2.2847
2.60997	-2.61788
-4.44802	0.183197
1.0947	-17.8136
-16.7939	-6.89179
-2.32781	-0.123285
-1.12576	-3.48633
-0.823759	2.17972
4.90068	-15.6928
-17.3726	-9.98277
-10.7581	-3.9832
-3.0464	-7.81851
-5.19312	-11.549
-16.1713	-13.6475
-12.8074	-5.13259
-4.6108	-3.8156
-2.90137	-8.47061
-10.2538	5.22015
3.75199	3.83082
0.798363	0.985747
1.40942	2.83839
2.67223	-0.725707
-2.1155	0.86489
0.766934	-4.17852
-3.89612	-12.6119
-11.9915	-7.28054
-8.21111	1.031
2.97428	-3.45436
1.02783	-6.46017
-7.6289	-14.9159
-14.0861	-10.6064
-10.9878	-4.04084
-7.70748	-3.33937
-1.46118	-8.12357
-16.419	-1.41242
6.34601	-3.68662
-1.51455	-8.1168
-8.22869	-14.9372
-15.2947	-15.375
-14.0036	-2.49402
-2.6381	-5.07261
-5.65742	-3.32568
-4.4217	-1.54783
-0.179247	-4.67298
-8.16832	-9.81576
-10.2578	-7.78091
-6.88004	0.753553
4.48359	-1.50096
-0.10353	-2.59986
-1.88973	-1.84307
-2.02509	2.97358
3.5159	-7.30818
-6.15734	-11.155
-14.0102	-7.9771
-8.40712	-4.50083
-4.70544	-0.237273
0.319081	-5.72699
-8.36394	-0.0288896
-1.65239	0.935027
2.53205	-2.67493
-0.493666	-8.48872
-9.64586	4.08754
3.45476	-7.31721
-8.67397	-23.4538
-24.9336	-12.2321
-11.7839	1.39804
4.96631	2.55923
4.91158	0.61049
-3.39789	-1.58743
-6.81298	-5.96058
-6.87053	-8.86427
-6.59822	-3.00429
-4.92477	-9.41272
-9.69071	-9.90483
-8.93833	-3.91229
-5.19397	-18.7325
-19.7255	-16.3691
-16.9922	-4.82975
-6.50446	-7.29381
-10.678	-0.582793
-2.37076	-3.18297
-3.34657	-1.57197
-4.46369	3.54923
3.74677	-6.74168
-4.89402	-2.72778
-1.08491	-7.58278
-5.0339	-5.08524
-7.58326	-11.2044
-8.29218	-10.1013
-15.0129	-5.65923
-12.5113	-2.26012
0.461129	-5.19932
-4.24569	-6.45678
-6.29394	-5.87574
-11.3006	4.76702
-0.801664	-7.67083
-5.09424	-2.96488
-4.03748	-1.72435
-1.10752	-0.460567
-2.7683	-10.9342
-15.8802	-14.1061
-12.0002	-7.41937
-7.70761	-7.86973
-6.29636	-1.18461
-1.08271	-7.09413
-7.79748	3.54943
-0.94026	-4.59818
-4.18215	2.77967
4.1522	-24.7006
-24.8104	-1.56248
-2.65841	-8.2449
-7.05908	-2.53743
0.14138	0.857413
3.28633	0.892271
-0.805094	1.38194
0.743746	2.61758
-1.75812	2.45375
-1.16143	6.19902
5.34052	-2.19684
-7.13325	3.32463
1.44456	-7.95254
-7.67808	-11.6377
-8.97233	-13.3313
-8.52349	-15.7702
-13.0569	-11.8241
-14.1537	-3.07601
-1.75733	0.588324
3.83765	-11.4216
-9.25491	-4.06322
-3.5687	-5.55373
-5.10997	-5.18125
-6.38775	-3.97441
-1.65137	-13.4352
-18.3951	9.37215
8.35965	-10.8737
-8.51313	-3.78815
-4.58402	-7.21111
-10.3246	-5.40584
-5.61244	-1.95651
-0.21742	-8.22701
-9.64755	-1.40296
0.923486	4.95681
2.61907	-10.6392
-8.49175	0.352994
0.128443	-4.20135
-3.15839	-4.65546
-4.98138	-6.56606
-6.05005	-13.0241
-13.9365	-13.6488
-13.5043	-8.91094
-6.25938	4.96137
8.15586	-0.896055
-3.26714	-5.04985
-4.90661	2.41767
0.261882	-7.71789
-5.85396	-3.23655
1.29171	-5.61946
-5.78902	-13.474
-11.8082	-11.1498
-10.6637	-16.7598
-17.0463	-14.8166
-14.1816	-0.598439
1.40053	0.765628
2.733	-11.1143
-9.08188	4.39052
6.50048	-4.37697
-0.721235	-2.12423
-4.05414	-4.85335
-4.84967	-4.92711
-6.15129	-8.5071
-9.26951	-13.6407
-13.0832	-17.5805
-20.54	-10.4947
-11.4625	3.94373
1.92504	3.1287
-0.839568	2.08065
3.76568	7.99769
4.83158	-4.98645
-5.0747	3.48744
5.176	-7.121
-7.53778	-9.02898
-9.21781	-0.786142
-4.06902	-2.49341
3.07845	-13.1809
-11.8895	-16.888
-14.3771	-9.01209
-12.7299	-8.23285
-0.753431	-3.43737
-4.70398	-7.07626
-10.322	-8.07333
-5.88081	7.14529
3.05734	-7.03596
-2.67043	-12.0491
-10.2569	-3.24512
-4.66779	-8.40737
-5.44078	-18.9039
-16.7044	-11.8786
-15.6566	-3.1204
-4.9616	-7.62332
-4.16692	-2.86016
1.80441	-14.1156
-10.1522	-5.17897
-5.96502	3.35727
-2.10326	-1.74714
-0.602821	-2.55865
-2.11091	-2.78974
-1.13981	-4.34867
-0.618026	-11.7457
-11.786	-13.0881
-15.2481	-6.03747
-1.21022	-1.35335
-2.58041	-2.69425
-5.53574	0.907298
0.393536	-1.79222
-0.974927	-3.81172
-4.70033	-1.67604
-2.00865	-3.80273
-5.26028	-11.8134
-11.9652	-14.945
-13.4712	-16.803
-15.8285	1.22418
3.12291	-6.79291
-7.25111	8.48464
9.83719	6.85255
4.0774	-7.54473
-4.8325	-6.3264
-4.17336	-0.137088
-4.68811	-1.25829
-1.68257	-5.74876
-7.99895	-18.2011
-15.5304	-16.3536
-16.5386	-13.2118
-8.74228	1.80687
2.63201	3.63961
4.08286	-3.44416
-2.1901	1.00012
0.42581	-14.5906
-12.3749	-7.31221
-6.08805	0.10278
1.60654	3.36164
-1.25418	-15.8902
-14.9917	-14.3382
-12.6484	-9.03151
-12.1928	-10.8083
-10.9602	-8.08695
-6.57346	5.01269
9.23739	1.80965
6.06374	3.06908
2.2233	-6.85409
-0.3507	0.802248
1.03766	-0.924183
0.752767	-2.4792
-0.630905	-25.4365
-22.2306	-12.3496
-15.0243	-10.5444
-8.48021	-8.21965
-8.24247	-5.14097
-5.25941	-5.34011
-0.329572	1.35138
3.57513	3.37215
2.16271	2.61053
4.68388	0.983234
2.83528	0.304159
0.73183	-1.5292
2.52748	-15.7665
-16.1717	-14.8994
-14.5485	-11.0983
-8.91931	-7.41216
-4.94763	-6.91341
-3.26741	-1.32597
-7.37155	2.30908
-2.37285	-0.0973088
0.14087	2.11428
2.97938	1.00077
1.72128	3.87925
-2.35017	-1.82282
-4.19664	-18.8291
-17.3952	-13.2215
-11.6146	-7.69652
-6.4877	-9.01186
-6.94103	-3.62167
-3.72122	-2.17318
0.47453	5.88408
3.11926	-0.602175
-1.57254	-3.34063
-14.9995	-9.86174
-10.94	0.0454966
-0.441117	-3.00815
-5.62345	-9.82647
-5.66464	1.52104
-5.92161	-1.49683
-0.596398	-11.6108
-11.8687	-2.20469
-0.176027	-3.65654
-0.474739	1.85501
0.74843	-2.42767
-0.988559	-17.7615
-17.1088	-10.5363
-10.3919	-7.40973
-10.7989	-7.36665
-7.21522	-11.4692
-12.1777	-7.24016
-10.5573	0.415698
1.32689	-7.12233
-5.14577	4.75616
8.75644	2.89283
2.96102	4.64115
-1.29205	-0.438574
1.49419	-19.3529
-19.0351	-9.73962
-8.82817	-6.8133
-5.20691	-10.9489
-10.4788	-4.72275
-1.92173	-7.5498
-7.7694	0.965674
-2.38394	-8.8045
-9.9574	3.83692
2.44221	0.0924058
2.40665	0.49982
1.3465	4.5722
6.05864	-18.036
-19.714	-8.62255
-8.59634	-2.7283
-5.53122	-8.22918
-6.12462	-6.32674
-6.70709	-6.13973
-8.41347	2.67662
1.67249	7.0508
2.27601	0.769948
5.16376	-0.140413
-1.95546	-0.516009
2.97095	-4.75997
-5.00365	-22.0363
-20.9985	-9.90262
-11.3415	-7.4724
-6.47962	-9.89386
-6.95688	-4.39926
-3.63701	-3.2607
-4.3752	4.8707
-3.5906	-0.9908
-6.14301	-13.4846
-8.64647	-1.72452
-0.599189	0.5213
-3.38724	1.68212
2.16844	-20.7266
-20.3035	2.92991
4.42763	3.69384
4.25841	-11.9691
-11.7662	7.10559
8.02871	-10.7477
-9.64185	2.54874
-2.2764	-4.87006
-2.27124	-9.8054
-5.35647	-1.15053
1.3478	-0.404244
-4.49811	-1.06917
0.213666	-14.2111
-13.3988	6.30307
4.1166	-0.818794
-1.57124	-21.4014
-22.3065	-15.8125
-17.6362	-0.48229
1.82516	-3.5272
4.55241	-1.04653
-6.88545	2.63721
-1.41961	-5.86841
-5.68157	7.09731
5.55793	-9.03654
-2.03869	-6.81684
-6.94007	-9.09052
-5.87905	0.370717
0.16769	-12.6756
-12.5888	-9.38647
-6.71797	-13.1972
-13.2103	2.29426
3.37314	-16.9672
-15.3378	-7.52822
-5.85369	0.593295
0.490836	3.02618
-0.659437	-0.128594
-1.69016	-4.04622
-2.36373	-1.90104
-1.12715	-2.0739
-2.9918	-10.4285
-11.0411	-15.3866
-17.8961	-17.6349
-15.6095	1.10454
-0.196915	-7.39824
-7.75628	-6.1173
-11.6992	-3.79352
-7.52592	2.17101
2.04637	1.60669
-0.765915	-14.9337
-19.7892	-10.3462
-9.8579	-8.14034
-5.20081	-3.58671
-7.97823	-10.308
-7.00164	-12.5612
-12.6933	12.7494
12.8105	-5.72097
-5.06203	-1.56431
-0.0134905	-5.65204
-6.17933	-4.51078
-4.4708	-7.5331
-6.77644	-7.17995
-5.26393	-15.7434
-13.0721	-9.82226
-10.9148	-18.7667
-20.7663	-7.51658
-7.80225	-10.2694
-11.0575	4.80745
6.23173	-4.78112
-4.39763	-1.87115
-0.579927	4.00379
-0.84178	-6.50358
-6.74352	-3.65295
-4.18036	-9.58637
-9.52559	-3.9655
-3.7312	-8.33612
-9.58317	-21.115
-24.08	-10.0195
-8.85538	-0.105395
0.301752	0.239284
0.604053	0.0621505
-0.172357	-3.17582
-5.27049	-5.35622
-3.824	-3.00331
-3.3247	-1.17142
1.33679	-9.33985
-8.0811	-16.2662
-16.7627	-16.1273
-14.6353	-12.2235
-8.21583	-2.3926
-3.23672	-0.165611
-1.87892	9.32204
11.6499	-10.1931
-8.36077	-10.1297
-7.91853	-4.86884
-7.77765	-4.99634
-0.82425	1.03119
-1.55649	-3.46729
-3.73857	-13.4276
-13.0294	-17.9985
-17.1679	-7.13167
-10.3563	-7.68803
-6.59218	-0.139134
-2.40368	14.7163
12.8992	-5.9281
-10.1287	-9.94248
-6.79788	1.42683
1.68143	-5.55111
-6.43133	1.3028
0.257686	-8.01224
-7.55734	-14.2248
-14.8212	-9.5299
-10.1775	-13.8464
-16.5154	-0.816777
1.28968	-7.00845
-4.75601	0.220022
5.85931	-16.7377
-16.3289	-4.27123
-10.0536	2.61644
-1.41385	0.802444
7.45793	5.83387
3.54514	-15.0612
-15.1722	-14.1791
-14.2639	-9.74544
-8.27081	-8.57595
-10.7998	-7.17802
-0.788203	-2.72366
-7.57686	9.01385
1.29347	-22.7962
-22.5318	-4.68481
4.00338	5.42485
2.01802	3.14311
4.43985	-1.10993
-3.31451	-7.0766
-6.40341	-8.61741
-7.74404	-3.01568
-1.79315	-9.44229
-9.53188	-15.0183
-13.4395	-19.2022
-15.4546	4.90248
0.395855	-7.79494
-5.83601	-2.1303
-3.06061	-0.975424
-0.904754	-2.95182
0.934479	2.60729
5.76062	-9.83553
-15.6077	-0.35833
-1.35923	-11.2477
-12.239	-5.36416
-5.10808	-1.94119
-3.05967	-2.22861
-1.85775	-5.79197
-7.92716	-1.0545
-2.20602	1.70206
-3.31327	5.78761
-0.054259	-7.25284
-5.38857	5.39695
3.44834	-28.5364
-26.2864	-2.69449
-2.27674	-8.02798
-9.22643	-3.25298
-5.50047	3.48734
1.22421	5.94365
4.86789	-2.59851
-1.79641	2.98257
0.250388	-0.693894
-6.68819	6.98431
1.37288	-1.481
-5.63366	-0.72909
0.183943	-9.24391
-8.5039	6.51887
6.93352	-3.20864
-5.13229	-18.2097
-18.3971	-6.82511
-6.09296	-15.4563
-19.0404	-1.14447
-5.04837	-0.147518
2.59126	-18.8025
-18.4933	7.20409
4.45055	-6.84825
-5.86777	-3.91963
-3.15972	-8.80405
-10.4095	5.12101
2.56762	-10.2467
-10.2369	-27.5914
-24.1839	-5.69654
-4.21144	-11.0821
-15.0996	-5.30444
-3.54233	1.7247
-7.24349	-1.79928
0.809302	2.45355
-0.584019	0.439994
-1.40165	1.26668
-0.347928	-20.4336
-22.0152	-14.5655
-13.0755	-5.1547
-5.80828	-9.6845
-9.21261	-2.15657
-2.75391	-6.89297
-4.90876	-0.92774
4.32991	-8.0137
-5.75811	-1.28623
0.159873	4.63945
4.16253	-0.914645
0.796517	-4.14134
-3.59562	-19.0398
-20.3534	-13.8034
-15.6075	-5.93605
-1.63745	-8.45632
-7.78654	-11.0817
-5.50448	2.67377
2.64118	2.2064
4.01001	0.989455
1.49413	2.42047
6.27396	-5.48407
-8.3819	-6.02482
-5.39567	-8.05119
-0.773357	-20.3458
-20.9459	-14.2558
-11.488	-2.84441
-2.67489	-7.97627
-6.05738	-4.32159
-5.1284	-0.545323
-2.47569	6.53826
3.12801	-1.78236
-1.08631	4.81375
0.432376	-0.0718171
-4.58937	-1.41359
0.25809	-4.80825
-3.09032	-15.3883
-8.8057	-12.4734
-12.0464	-6.62769
-7.37448	-3.64195
-3.75541	-4.43206
-2.83751	-17.0403
-16.3511	0.465927
-0.194951	-13.9493
-15.2361	-1.41551
-0.299075	-3.46503
-1.21713	-7.11186
-7.24733	-3.3256
-5.01315	-1.85786
-1.81918	-7.08799
-8.26541	-3.28814
-0.731723	-1.22787
0.0463636	-9.92856
-4.3752	-17.1405
-13.3744	-9.65888
2.54863	-3.56545
0.846028	-6.89173
-9.3098	-6.21985
-8.31002	-4.95461
-3.85208	1.1644
-2.01745	-3.65003
-4.20199	-12.2385
-9.86614	-6.29679
-4.25547	-13.4136
-9.15174	-11.8481
-15.0827	-3.36392
1.94428	7.21894
11.8449	-3.05737
-3.65401	-6.97566
-7.22909	-2.39687
-3.16078	0.928887
2.96316	0.155885
-0.841419	-9.57142
-6.78487	-2.40466
-0.464302	0.438473
0.666149	-16.6794
-18.8086	-12.4732
-12.0596	-10.0896
-15.3796	0.476115
-4.40436	-1.67832
-0.648547	-6.64148
-4.23242	-0.874945
5.91147	2.87479
3.44238	-0.44945
2.00146	-27.2613
-24.6245	-2.75058
-10.7738	-4.77436
-3.5289	-9.91961
-11.4433	-5.1683
-7.03708	-10.1053
-9.66963	2.69469
5.27167	0.145579
-9.70016	6.1127
1.99007	3.40055
1.19634	-4.24957
-3.46517	-7.27505
-11.1497	-3.28369
-2.13606	-8.82
-8.36457	-9.15927
-9.47023	-17.5655
-16.1084	-14.1671
-12.9051	0.46949
-3.0631	-4.18407
-4.16737	-6.56395
-3.79281	0.427175
-2.35267	-1.64835
2.14513	5.27674
10.3773	-1.82873
-5.73955	-13.762
-13.5765	-12.2217
-12.88	-7.33183
-4.97806	-9.02544
-10.8255	-8.92647
-1.44585	-5.65948
-5.21313	4.28549
-0.70132	-2.92977
-1.34656	0.156571
-3.35734	-7.84542
-8.22303	-4.92202
-4.10011	2.59797
5.49406	-3.35162
-2.27041	-15.2626
-13.8873	-19.7919
-21.5997	-6.30431
-8.96782	3.66354
1.72799	-6.61924
-9.47187	1.12497
-1.7921	-3.56099
-6.39974	-2.14985
0.520494	-1.94105
-4.99725	0.359113
-1.38955	-3.29162
2.0381	-3.04702
-4.07668	-7.36135
-5.2033	0.00921977
-1.662	-8.74643
-7.80471	-5.34228
0.356531	-12.8738
-12.4855	0.372025
4.60837	-17.4793
-14.0414	-2.62013
-4.08632	-4.20232
-6.36304	6.2842
5.66139	3.78931
-2.32857	-4.99516
-3.79624	-12.7447
-14.1835	-14.3658
-9.72408	-5.90404
-6.83608	0.695786
5.13719	-7.54112
-3.59644	-2.74778
-4.02879	-8.65657
-9.5238	2.41994
3.45776	1.29981
6.05912	-2.24427
-1.78371	1.24858
1.40438	-15.0003
-14.9755	-11.8318
-11.9683	-2.41408
-3.29755	-6.35339
-4.552	-3.87087
-4.20139	-5.55502
-5.5359	7.59013
8.24946	-3.59779
-15.5362	-8.32896
-10.6521	-5.6929
-7.29249	-5.30878
-6.68785	-13.6376
-9.54479	-0.131764
-1.23026	7.88685
9.34553	10.1957
8.63768	5.92925
3.81745	-10.6244
-6.88078	-1.61257
1.57932	-6.80485
-9.97239	-0.514758
-0.998794	-6.62798
-5.26199	-2.81866
-0.621606	-2.92436
-4.37759	-6.68316
-5.26889	-15.3653
-13.3781	-1.44748
-1.40845	-13.0808
-14.0809	-2.56567
-1.38877	-4.59059
-7.32353	-6.30231
-3.3093	-1.2748
-0.345706	-4.01788
-3.70273	-2.40533
-2.68256	0.661931
0.430662	-5.93588
-1.66508	-4.73594
-8.1652	-3.99662
-5.36565	-9.31344
-8.87546	-8.26584
-7.47267	-3.14124
1.52378	-3.98292
-4.10031	0.254297
-3.18354	-7.76696
-3.9799	-18.7635
-18.2065	-10.605
-6.17612	-5.7236
-6.62764	-6.3762
-6.52948	-0.974051
3.61846	2.80767
3.54941	6.67318
2.34067	-6.78396
-6.6863	9.11799
8.8454	-8.72256
-10.1226	-0.841524
2.13452	-10.4364
-12.7478	-1.91184
-0.582824	-8.57376
-6.48415	-21.9444
-22.4603	-20.0198
-18.3354	-1.14347
-0.0775634	-5.42248
-6.23529	3.23522
3.83569	-9.697
-9.69447	-0.542057
-4.07843	4.40219
2.15248	5.34092
7.42679	-3.20971
-2.60989	0.455904
-0.459427	-3.07328
-3.66113	-19.2288
-18.7424	-19.1816
-14.1528	-10.6938
-9.23502	-3.61177
0.00984523	-7.83641
-5.84527	0.682616
-1.20683	2.36624
-3.6047	0.566105
3.1808	5.88534
7.60622	-6.59093
-5.75832	-12.3158
-7.84419	-6.28882
0.705719	0.800661
0.771719	-9.62522
-9.62584	-9.45591
-9.25056	-7.36377
-7.12263	3.13686
0.740525	-3.30539
-4.63758	-3.57199
-2.94215	-3.45845
2.01783	-0.706228
-10.7517	-4.18469
-5.81774	-11.2468
-10.4947	-9.26009
-8.96222	-14.3781
-13.0311	-18.0871
-16.2159	-10.212
-11.9026	0.668187
-1.30994	4.07427
3.08687	-3.85592
-6.47232	-16.7353
-12.012	1.28635
-1.15453	-6.48968
-3.95693	-8.53967
-6.10693	-5.05416
-11.769	3.62272
5.14292	-4.93637
-6.02964	-16.299
-17.5168	-5.61173
-4.06888	-16.7847
-11.055	0.437137
-3.56812	-4.55615
-2.52074	-7.78128
-11.72	-2.62219
-0.83672	-4.60308
-5.00173	0.89297
-1.56187	-4.01298
-5.96267	-1.45931
-1.13085	-9.58003
-9.6528	-15.7214
-17.4423	-3.9974
-5.13679	-6.34581
-4.07031	-2.13176
-0.316224	-18.4715
-17.1659	-3.68632
0.714322	8.42673
9.7632	1.22911
-1.38276	0.0351406
-1.40735	-6.7725
-7.43967	-9.26494
-9.36106	-11.0727
-8.49881	-7.56884
-6.75757	-8.24842
-12.7215	-3.41865
-2.19954	-10.3616
-6.14388	-16.0863
-9.96933	0.673288
1.80033	2.0573
-1.17151	5.67619
2.3789	0.938983
0.733755	-17.5225
-16.7607	-9.48737
-7.4054	-8.71767
-10.2261	-13.3641
-5.88165	-0.777258
-4.06695	-4.42048
-2.50106	-5.73701
-0.747458	0.0952463
2.88339	2.4964
0.685181	6.48968
3.37222	-3.91556
-0.771804	0.362865
2.05059	-25.1712
-27.269	-5.11518
-1.19454	-3.98419
-6.88244	-8.39992
-10.3193	-5.52118
-5.74471	-4.16806
-8.84315	-9.14204
-5.85278	1.28018
1.71578	-11.9912
-9.4605	-10.459
-10.2775	-3.06513
-6.16435	-1.95055
-0.0864594	-5.93963
-4.68261	1.18202
-1.32653	-1.55828
-5.49547	-12.1103
-15.9905	-3.71185
-1.49956	-4.78997
-5.52307	-1.58711
-2.71561	-9.88797
-7.94503	4.63458
5.42488	-0.294921
-0.558704	2.25694
2.40105	-15.1046
-16.4968	-2.05956
-5.25565	-8.75561
-9.90993	-18.2455
-17.5545	-11.6258
-9.60497	3.62301
4.46107	-3.74194
-0.628524	9.09582
7.4551	-6.7439
-3.10137	-15.959
-17.6374	7.97568
2.72058	-0.110637
-1.80709	5.79828
4.02582	-11.0788
-12.3955	-16.3703
-17.806	-11.4886
-8.894	-6.02385
-5.68558	2.55768
-0.983185	-5.97878
-3.41482	5.06178
5.86915	-0.235596
3.436	-0.195216
0.650695	5.56678
6.8425	0.204513
0.760078	-8.89693
-3.01645	-16.3186
-18.4137	-16.1033
-13.8842	-9.77601
-9.11819	-4.24658
-9.85684	-6.50035
-6.86124	-5.62803
0.608643	-0.633978
-1.76775	-0.607056
-1.43686	0.138541
0.19978	-1.81608
-4.66838	-1.676
-1.38809	3.40958
0.447398	-18.5043
-18.9702	-18.9659
-16.8948	-5.00596
-9.77879	-8.094
-10.0129	-5.1684
-8.98069	-2.35503
2.64161	-1.2484
-1.78786	-9.83867
-4.22888	2.01158
-16.3487	-9.50011
-9.64128	-6.01073
-2.29856	-10.9154
-10.9159	-2.76854
-1.12723	1.72812
0.770738	3.61875
2.17269	3.67313
7.35078	1.30297
2.58615	-2.63487
-5.04458	0.158694
-0.184269	-6.57974
-0.472069	-7.68361
-8.58994	-2.40812
-2.87742	-18.4078
-15.2554	-3.01275
-6.56523	-11.2002
-5.05418	-7.27878
-13.2829	-4.04143
-11.5231	-6.02676
-2.03498	-5.08346
-3.90133	-4.0017
0.818528	-11.6478
-8.44579	3.16978
5.96738	-12.7224
-7.74715	1.63024
0.187712	-3.53308
-1.952	-10.2482
-14.5902	-14.7399
-14.1516	-9.81624
-7.61862	8.95698
8.45409	-14.8289
-13.1269	-3.3164
-1.72172	-5.85588
-4.0929	-5.09638
-2.71039	-2.59038
2.31617	-3.47525
-3.83336	-0.587688
0.555369	-1.3604
-5.40274	-7.27427
-4.56644	-15.182
-14.4198	-6.1356
-11.3203	-8.04786
-3.55617	-11.99
-11.9029	-4.91937
-4.63372	1.90329
5.04153	-10.3928
-9.36124	-8.04034
-5.05745	-4.57724
-3.00197	-11.8163
-16.4235	-15.1611
-11.8558	-0.483665
-4.20233	-1.15929
0.857346	-19.6601
-16.4201	1.95566
4.52137	-17.573
-17.247	-9.13142
-6.85102	9.7192
6.97128	-2.09257
0.0912942	1.23931
0.365669	-4.03148
-4.19374	-14.5017
-14.6824	-0.862937
-7.57504	-8.31838
-11.5507	-5.76466
-2.86054	-9.16171
-3.488	2.72216
-1.31182	-6.62048
-6.36316	-7.77511
-5.67278	-0.976414
-6.82134	3.22921
0.405137	1.63869
3.29488	-23.1383
-22.9483	-0.630485
-6.01699	-18.7615
-8.84777	-1.7457
0.819387	-0.00340365
3.94551	-1.71953
-0.628687	5.04047
8.90705	3.60632
4.98528	3.27893
3.28623	6.25337
3.61495	-2.26457
-3.69405	-2.33046
0.172281	-21.1115
-21.8451	-5.5581
-5.13932	-14.9729
-11.9899	-8.27669
-2.86206	4.93903
0.248916	6.29175
-0.132608	5.3821
1.76489	-7.68318
-9.32248	1.3866
1.08164	9.72251
6.41981	-5.30993
-1.48714	-1.08287
-0.324917	-19.5768
-19.4557	-12.3111
-9.11308	-9.5986
-10.7888	-13.9442
-13.1921	-3.71176
-3.1007	-1.09754
-7.0429	1.17538
0.691066	-5.12471
-11.851	0.142708
1.76872	2.42866
0.85201	-1.37904
-3.55049	-4.9116
-1.05867	-17.6678
-17.426	-9.32872
-11.7782	-3.6933
-6.65631	-5.98005
-7.1028	-1.74569
-0.786469	-1.03611
-2.53973	-1.58075
-2.08021	-2.87583
-3.14613	3.26694
3.14274	-3.22337
-3.72432	-0.941908
-0.547067	-2.04278
-3.08266	-24.2063
-21.3973	-11.8293
-7.34552	-2.77518
-3.09134	-14.5009
-11.8266	-4.7058
-7.24524	-3.12515
-3.04852	14.151
14.3965	-14.1179
-12.6127	-4.5601
-7.2247	-2.95927
-0.0190988	-10.2821
-12.0966	-2.36509
-3.92836	-12.8439
-15.296	-4.29562
-2.48623	-11.9979
-11.6074	-6.4269
-9.04761	-11.5212
-10.8625	5.38277
6.73494	5.0624
3.82317	-0.120659
2.27348	-9.32792
-6.18449	-2.44387
-0.0355593	-4.64678
-4.80673	-7.76468
-4.14947	-17.8016
-14.7566	-9.14427
-8.32236	-10.1009
-12.5951	-10.7837
-13.3865	-1.42163
-1.11684	-6.9653
-6.37537	12.3738
10.5367	5.98951
2.47337	-9.58377
-13.1156	-2.89686
-8.56152	-9.49161
-7.45566	-4.32679
-6.31033	-2.78822
-2.23946	-0.154767
-0.21613	-2.41217
0.760746	-8.86359
-7.77262	-10.9402
-10.9655	-4.19766
-6.07382	-0.11328
0.301195	-9.78536
-8.87954	-2.67046
-7.38838	-4.86856
-7.48497	1.84089
1.19187	-7.09702
-6.77219	-2.31604
-1.49124	3.06722
2.92609	5.6296
2.17055	-3.53936
-7.10569	-10.2327
-8.33138	-2.43349
-7.46169	-6.14822
-2.58692	-4.23375
-5.10594	-3.3731
-4.71317	-3.26649
-6.48651	1.81515
2.31697	-4.42945
-6.21428	-9.69532
-10.042	5.01848
3.4748	-4.5895
-3.33522	-20.4507
-15.4834	-19.3626
-13.6938	-6.73035
-4.46384	-15.1266
-10.945	5.23324
2.39534	-4.89882
-7.99647	-6.81019
-8.50086	-4.06798
-0.532063	-6.64322
-8.08393	-2.28559
-3.52989	-8.74117
-11.722	-6.9255
-7.07345	-20.7812
-20.7542	-2.14249
-3.19494	-9.83236
-11.7514	-2.98477
-5.15225	5.47406
6.06628	4.35814
4.68747	-7.21888
-0.277638	-9.53044
-8.2503	-1.6354
-2.7652	-4.08008
-3.74959	-17.8926
-19.4626	-14.4443
-14.3545	-7.1198
-7.74716	1.00916
-0.0265126	0.184786
-4.84996	2.52554
4.25144	-1.3233
0.670659	-14.0977
-12.38	0.545928
-1.34541	-6.67733
-1.20458	3.04972
-3.83037	-11.0237
-13.2251	-18.7796
-17.8783	-10.8425
-9.07868	-7.72538
-11.5658	-5.4222
-6.70461	0.769268
-2.59661	-3.08715
0.308122	-4.23578
1.46612	-1.29399
-6.98377	-8.94963
-6.19232	2.52149
2.32376	-4.8305
-4.53371	-17.2834
-16.1948	-11.8437
-12.5392	-3.95272
-6.19032	-6.36199
-8.4501	-1.59984
-8.34446	0.721415
3.76306	-1.25882
-2.5876	0.55227
-0.938293	-2.65902
2.15375	0.158999
-2.11291	6.29031
0.39817	1.96711
1.79782	-5.67567
-2.68391	-15.0364
-16.5881	-19.9051
-20.3384	-14.3468
-13.3003	2.55152
0.972452	-6.69048
-6.00927	2.47235
4.1009	1.63501
-0.561011	6.66852
5.80617	-3.3091
-1.01374	-5.93653
-1.60909	-7.45744
-4.62826	-2.12811
-3.64786	-6.25764
-5.34426	-4.57135
-8.69561	-12.9676
-7.05521	2.97816
-6.97706	-14.1094
-8.09635	12.1304
12.3508	-5.19731
-3.46608	10.6323
11.8556	-3.44796
-3.82664	-7.47833
-6.72542	1.9949
1.98135	-25.1897
-24.713	3.15422
3.82145	-3.69464
-6.17695	-0.0340974
-1.70265	3.53664
1.1365	-6.30645
-7.91135	14.9087
12.079	-6.76861
-6.06419	0.692297
4.28051	-1.31798
-2.96141	-0.645032
-1.42998	1.85395
-0.334528	-4.66568
-2.67105	-11.3466
-11.8932	-15.5196
-16.093	-11.1568
-8.29317	-4.78147
-3.96491	-10.7132
-10.6445	-3.86725
0.104658	0.72955
4.90556	-5.87361
-2.89751	2.18361
-1.65564	-0.0920109
-0.0680214	-1.9688
-0.174126	-9.16388
-12.673	-13.2091
-13.0772	-6.16986
-11.4901	-10.0146
-8.71314	-6.21732
-12.1974	-0.837946
-9.22821	-2.69308
4.32701	-0.489612
-6.04311	-0.526281
-5.25474	5.79929
5.38374	-12.1356
-14.2475	-3.23115
-4.82001	-7.50084
-7.52513	-2.99854
-4.6014	-11.9022
-9.15716	-21.3517
-18.7644	-15.4052
-12.9698	-4.61664
-1.28113	0.0326502
-0.944129	-7.39828
-5.72359	-5.58429
-2.96187	-3.93564
-5.81676	-0.121148
0.294322	-2.38601
-3.08167	-12.8577
-13.4944	5.05225
3.36897	-1.20294
-0.158803	-13.2448
-13.3291	4.17124
-2.31724	-11.969
-10.8137	0.701018
3.60286	-5.77965
-5.62668	-3.03534
-2.37261	-2.92271
-3.98816	-0.230908
2.91386	-10.0472
-5.92726	-5.79137
-5.46393	-7.68926
-8.68735	-8.15777
-8.52996	-12.6165
-12.1541	6.81267
4.08124	-13.7629
-11.3916	-0.660515
3.03957	-7.46454
-7.22542	-4.88255
-7.77418	-0.761573
3.39506	-1.31718
-1.80418	5.63151
1.64068	-26.1311
-22.6461	5.62733
1.02974	-5.2016
-4.68636	-1.40186
-4.60668	12.4773
9.54264	-12.0679
-14.5413	10.3023
13.6851	-1.53339
-0.0120544	1.65405
3.03954	-0.414342
-2.11258	-1.09128
2.42687	-3.10968
-3.29844	-21.4645
-20.0796	-8.27418
0.806678	-2.97819
-8.05344	-20.0495
-22.0426	-9.77202
-8.66602	-15.0779
-16.0036	-2.36584
-4.69921	0.766558
-2.11344	-7.28047
-5.2749	-4.73603
-1.98886	0.196307
-0.363237	-6.9473
-10.0405	-4.55551
-5.23162	-1.10936
-1.99009	-2.15661
-4.22301	-20.15
-25.1874	-10.7502
-11.6737	-9.21133
-8.31859	-3.69779
-0.200642	7.27744
3.8906	-2.99042
1.10645	-2.45654
-2.65518	2.54901
0.846621	-9.08567
-9.69921	-2.6814
-2.55328	-11.4691
-12.4371	-11.0985
-10.5519	-16.1541
-13.658	-10.9713
-8.60636	-1.81688
-3.73146	12.7535
15.2976	-1.12582
0.0368544	-14.0178
-16.6982	0.874791
-0.720571	-1.04253
4.21126	-6.18591
-1.7045	-22.3143
-24.188	-1.50928
3.10266	-13.0189
-11.1852	-0.898323
-3.37218	-2.17308
-3.27593	3.75448
5.52275	4.02275
3.41603	-1.73318
3.6668	0.718202
0.353209	5.02561
4.09851	-3.87363
-6.78474	-8.80624
-8.66362	-8.94812
-11.7981	0.835641
4.0411	-11.3107
-10.7929	-11.2603
-9.36305	1.06831
-5.05352	-10.1772
-11.7154	16.7371
17.2198	2.38186
-3.03742	0.8754
2.168	1.9577
1.76004	0.925019
-2.07116	-6.25851
-2.48724	-20.099
-13.663	-2.54365
-1.40394	-3.06287
-1.67211	-22.1159
-24.9504	-10.646
-8.67686	-11.2372
-9.84789	-2.48254
-3.25285	-4.25606
-5.87835	-4.94028
-1.94017	-8.23028
-3.20955	-0.836174
1.8505	0.947131
-1.03748	-28.1003
-26.9849	3.75743
1.57235	-8.73951
-5.65149	-5.91338
-8.13034	1.26554
4.17035	-2.26625
0.689152	-3.07057
-3.88135	2.67024
-2.6417	-0.862196
-2.12803	-0.598018
-0.925737	-2.78406
0.251639	-4.70659
-2.8135	-6.93339
-7.33775	-3.23358
-4.06133	-6.29434
-10.9108	-23.6411
-24.7095	-9.74049
-3.39263	-2.82167
0.617454	20.3817
14.0859	-10.6873
-12.184	-1.47313
-2.4212	-1.19094
-3.62933	-15.4834
-9.44781	8.15729
6.00244	-10.8524
-8.73076	-2.66314
-3.12431	-1.50046
0.621051	-16.9453
-17.3813	-12.276
-8.16006	-2.30498
-14.5835	-1.53371
-3.5891	-4.09985
1.10512	-1.23793
-9.35228	-0.212397
5.3268	0.0619946
1.33598	0.00857954
0.643987	-24.074
-25.1586	-2.06538
-2.29776	-5.53736
-4.63185	-11.5393
-13.8055	-2.83493
-9.28665	-10.9835
-12.9904	-3.09017
0.362714	-6.57282
-4.03262	-0.413396
1.71994	2.51171
2.33681	-9.9112
-7.42612	0.168052
0.217682	-13.6169
-10.2376	-6.29494
-6.44349	-7.60064
-3.12817	-14.5453
-16.7366	-10.3038
-12.1661	0.591752
-1.30988	11.2358
9.92075	-10.5462
-10.5618	-0.0200746
1.11091	2.63167
5.2109	3.28643
5.06052	-3.17522
-0.798964	-26.8692
-27.7287	-1.42698
1.48355	-6.6
-10.017	-6.04445
-3.32155	-2.31319
-1.4814	0.735303
-1.6963	1.70915
-1.89855	-2.38536
2.51668	1.62358
2.56169	4.79186
3.9898	-3.5165
-4.20529	-0.263841
1.08069	-22.0199
-21.7979	-8.31084
-6.87542	-12.4078
-10.2566	-7.96172
-3.68481	-11.5286
-12.9449	-2.88717
0.515387	-9.74941
-7.91263	3.49461
6.58593	7.46189
0.799884	-7.33067
-1.33883	-1.21554
1.23539	-0.181953
-17.5926	-10.5849
-10.0703	-5.31378
-5.91483	-14.0395
-13.5448	-9.6093
-5.89639	-7.50977
-4.81266	-7.63718
-8.67174	-13.5285
-8.90793	11.0793
5.21446	-1.57206
0.342226	-4.03049
-0.189789	1.80381
-3.5726	-21.4639
-21.5746	-6.82452
-4.97259	-8.17116
-7.35155	-17.3526
-13.9626	4.71261
2.79733	-8.06309
-7.26259	3.28871
-4.97942	-8.09782
-7.65214	3.33331
2.55086	-6.35697
-3.77158	-2.78599
-0.323723	0.468306
-1.39703	-18.2324
-18.9213	-14.1384
-13.0736	-1.93106
-4.2584	-9.80485
-4.66978	-11.3316
-8.6198	3.08795
1.87185	3.04834
1.7821	-6.0074
-7.85051	2.64313
3.55835	1.90859
0.505419	0.921126
-2.20144	-1.66794
-2.52452	-17.4403
-16.7988	-15.566
-4.63393	2.46464
2.85831	-17.495
-21.2477	0.960528
-1.85284	-14.4248
-16.8858	-5.56754
-5.99817	-0.496631
1.21087	-15.6331
-15.3995	3.44857
2.02682	-2.13792
-1.70502	-4.85708
-3.91254	-13.9631
-15.1926	-10.1916
-10.7967	-0.750808
-2.95297	-12.0216
-17.0337	-0.107002
2.15857	-3.08498
-2.63609	-1.82062
2.1951	-0.920579
-6.37378	-4.7844
-5.0916	-4.42184
-0.668226	1.69198
1.20068	1.83317
2.24144	-5.49372
-6.36062	-19.8711
-17.6338	-8.5557
-5.32419	-12.1912
-7.17769	-4.19345
0.45434	-5.17446
0.788353	5.80283
5.13462	1.97215
-8.22245	-1.86184
-0.295142	-3.68204
-6.12179	7.97974
8.71257	0.854912
-0.750509	-22.9795
-25.1997	3.02871
1.34031	-8.4727
-7.94821	-0.88322
-0.893743	0.615331
-0.143287	-7.02858
-7.80675	12.5418
11.6274	-6.38918
-6.98851	0.268511
2.29234	-6.53227
-8.51753	-9.06409
-8.43802	3.03254
0.978411	-3.78384
-3.78736	-9.26915
-9.40466	-16.9922
-17.8092	-12.5301
-10.5062	-0.94476
-3.60084	-1.23082
-0.766418	0.0223492
-4.78101	-5.374
-4.8755	2.80941
3.56828	-8.65763
-10.266	-3.68529
-2.3944	-0.914033
4.76051	-4.03896
-7.08669	-20.4949
-17.9736	-14.3731
-9.71479	-8.04314
-6.04903	-8.58199
-2.88371	6.1791
3.10474	-7.1161
-2.78041	-4.32301
-0.857086	3.56721
-4.26429	-7.31616
0.472627	0.752897
-2.95877	-4.61185
1.84998	-16.0774
-17.3931	-14.644
-15.893	-4.31721
-4.47405	-7.16133
-5.18218	-3.9533
-6.15196	2.19599
0.508055	-5.06818
-5.92706	-6.46389
-0.828633	0.814179
1.68339	4.41727
2.25408	4.88078
2.15466	-7.39435
-3.50125	-11.0548
-10.7721	-1.7578
-1.13543	-8.35231
-8.33561	-24.2316
-22.6443	-8.69104
-8.66858	-8.07763
-7.83845	-4.19257
-5.6712	9.28161
8.91417	-3.48685
-1.279	-1.58266
1.2833	-2.56213
-5.07106	-5.54596
-4.22599	-10.8585
-11.9092	-7.2026
-9.4952	-6.80356
-8.94808	-19.9182
-15.8415	-0.983728
-0.930034	-12.1157
-8.18915	3.506
-1.24895	2.56764
-7.46223	-5.74468
-6.00763	-8.74455
-7.23933	-2.92556
0.0813864	-3.0639
1.93254	-3.08025
-2.35077	-4.26622
-5.02434	-5.41951
-2.91609	-12.9984
-5.36025	-8.91619
-11.0865	-12.7238
-6.93007	-1.16484
7.11072	-7.51234
-14.3906	-1.91608
-3.69263	-4.91793
-0.255047	-6.17525
-8.5595	-1.16586
1.54245	-6.01084
-5.7944	-18.1045
-17.9683	-8.32048
-10.1251	-15.2529
-15.8012	5.01771
5.60968	-12.5301
-13.6573	11.4842
13.1368	-20.3213
-20.2109	-14.4906
-13.0218	8.45485
10.546	-2.31805
-2.46649	3.28614
2.07867	-8.20273
-8.92932	-17.9213
-17.7663	-1.8037
-1.86379	-17.6802
-15.1957	1.70556
-3.60741	-13.0948
-14.5676	3.31103
0.501001	-9.96822
-9.25799	-6.12936
-3.51362	1.68934
1.68743	-4.39298
0.156884	-1.16605
-0.0675286	-13.683
-14.3735	-14.2677
-11.8055	-3.76462
-1.91535	-8.62722
-8.82836	-1.95654
0.949873	-4.0523
-0.228805	0.604643
-0.306501	-3.82593
-0.713282	-2.756
-6.10249	1.09087
0.111388	4.86614
5.71633	-6.35293
-6.61081	-8.65343
-10.2018	-0.225096
2.32832	-3.44474
-5.65699	-12.458
-7.94789	-8.75541
-5.49534	-2.82956
2.42773	0.713475
-2.61977	0.472469
-4.53915	5.28208
-0.142964	-1.01963
0.839615	2.24012
0.453855	-0.325179
-2.25421	-21.3623
-21.7785	-9.77033
-11.5867	-10.619
-8.50926	-6.20978
-10.1231	-8.81471
-4.93713	-1.58598
-1.26739	11.5321
17.3834	-0.263041
-8.5852	-12.8254
-11.6747	0.945982
-0.595697	-7.81396
-9.95127	0.193845
3.69594	-9.88694
-6.25502	-17.4386
-16.499	-4.49093
3.29577	-3.78078
-6.57122	-8.78612
-2.90044	-6.69025
-7.91739	5.27345
2.19905	-14.8819
-7.88574	-1.23121
-3.61844	-2.2942
0.727109	-1.99388
2.26077	2.37546
-0.0867258	-16.234
-16.0716	-13.5499
-14.8962	-5.51678
-3.18454	-4.88591
-7.31869	-5.41751
-7.61944	2.09719
2.30205	-5.43114
-3.37328	-1.50178
-0.213496	2.33778
4.53443	4.99815
2.90686	3.33514
-0.166682	-8.62171
-4.56039	-16.9885
-16.7224	-12.8027
-13.9594	-7.69144
-8.84343	-7.00771
-9.30686	-1.39625
-14.4289	-11.009
-11.0833	-4.76204
-4.83719	-9.56626
-7.47844	-9.55541
-9.03627	-12.8671
-9.55175	-0.253869
1.17022	-14.7667
-12.6618	0.356915
-2.70257	-1.19699
-1.50501	3.37829
3.95807	-2.41361
-3.88609	-17.0287
-16.4641	-15.7726
-14.3577	-8.23989
-8.21076	-4.38348
-7.1259	-10.5482
-8.74623	-0.266092
1.85434	-2.30267
2.11447	3.16712
-4.79362	-0.448417
-9.99741	-1.36519
-1.54643	-0.279043
2.95476	-5.04774
-3.95392	-10.6742
-5.80732	1.14352
1.16585	0.357231
2.36721	-9.85555
-8.25375	-10.9249
-6.69198	-11.9411
-19.421	-2.3309
0.47881	-11.2746
-7.54945	-4.67202
-6.75615	-6.5472
-7.65732	-0.971379
-2.15363	0.018087
-1.05609	-3.16229
-4.0319	-15.5268
-15.4793	-3.07701
-1.87669	-18.1595
-16.5017	-5.01198
-7.0851	-12.4237
-7.5796	18.2561
13.5242	-9.98544
-15.2908	-9.1831
-11.1669	-0.563673
2.85549	-3.44484
-5.31787	-2.29553
-1.84698	-5.91878
-4.13142	-5.06722
-3.87842	-3.78422
-2.36694	-10.3301
-7.33515	-15.4222
-16.7351	-13.7194
-5.10915	0.743018
1.6372	-18.517
-17.4845	-6.56241
-3.41825	5.81165
2.22415	-3.42075
1.25517	2.84227
3.44353	-15.4386
-13.89	-9.65421
-5.19234	-4.62524
-9.88866	-13.6358
-14.1451	-13.0465
-11.5746	-5.31563
-5.52778	14.5988
9.90431	-10.2076
-9.38075	-3.4815
-3.81639	-0.134469
2.02222	-3.59362
-5.68972	-0.374828
1.11861	-24.21
-25.0268	-1.62046
0.817906	-5.15825
-4.44055	-4.95945
-7.39462	-8.65335
-4.40466	-1.73117
3.00517	-3.94956
-0.941597	-1.4975
3.66966	1.57694
-0.851744	1.99282
-2.04406	-4.38477
-0.383058	-1.41653
-8.69796	-16.8572
-10.9133	4.12541
5.13719	-5.53453
-4.9231	-14.4023
-14.0129	-3.15451
-8.52604	-9.7427
-11.7326	-4.12296
-3.73955	-9.47737
-8.06902	-7.82111
-7.59565	-1.03052
-5.88439	-2.20239
-3.13312	1.78455
-1.83913	-3.89916
-2.61682	4.66971
2.95839	-4.81768
-1.50702	-9.93906
-9.66584	-16.2346
-9.16051	-11.6397
-9.97981	2.0182
-5.97477	0.26487
1.41204	-2.81117
-7.39135	-9.06881
-3.09035	-2.32284
1.43012	-0.850177
-1.0951	-23.977
-19.4934	-4.23149
-0.219145	-9.12406
-4.35746	-12.9337
-18.6626	-8.87562
-11.9817	-5.63278
-5.1223	-9.21173
-6.42828	-1.71223
-2.85175	-4.62971
-2.28051	-3.00011
-2.71042	-3.99403
-1.34274	-0.814162
-8.83888	-5.02664
-4.9503	-10.8983
-12.8381	-16.8395
-17.8616	-10.6837
-12.466	2.53987
1.0457	-5.40478
-1.58546	5.60316
3.13905	2.57095
3.78343	1.53716
1.81282	-11.2377
-11.0019	-5.1802
-2.26055	2.2733
2.0182	-4.99005
-4.53954	-7.04536
-8.42233	-10.8313
-15.2357	-7.83885
-7.97386	-1.00285
-2.75046	-11.8789
-9.69014	1.36618
0.244001	-7.64973
-2.30017	-15.3493
-7.81852	-14.0774
-13.7054	5.11059
8.6573	0.600735
-0.149184	-8.06319
-14.8464	-8.31127
-8.67967	-8.87845
-13.3663	-10.4668
-7.73438	-4.79242
0.770874	-2.10581
-13.4227	8.10014
2.26068	-1.12307
3.73435	-5.55192
-8.83265	0.79765
0.774732	-6.52134
-11.4797	-1.21082
-0.536901	-1.8144
-0.982206	-11.4575
-12.3542	-12.9588
-12.5719	-10.5462
-10.2002	2.97134
2.3567	-14.7971
-12.4063	-0.504709
-0.751717	-2.16687
3.1914	-0.581958
8.35343	-6.43071
-0.901164	-3.30463
-5.55533	2.27864
4.45957	-22.4102
-23.2499	6.49004
7.7338	-3.85464
-5.01048	2.58815
2.50396	3.19773
2.93528	-6.67671
-9.21306	12.1148
16.6931	-1.09119
-2.82198	6.46295
7.37449	-9.45253
-11.1627	-1.04249
-2.87041	1.20655
-0.14129	-21.1436
-20.1989	-7.55775
-9.09648	-9.82545
-9.79848	1.25466
-5.24686	10.0071
8.6536	-5.01216
-8.86973	2.96278
3.83275	-0.648488
-3.81122	-3.97589
-3.47327	-5.28686
-3.51404	-12.9358
-15.518	3.36232
4.08741	-3.15684
-3.65692	-14.2529
-13.3221	-10.6687
-8.87008	-16.0877
-13.7549	-4.369
-6.19811	-14.6532
-16.6049	1.44085
-2.05815	-12.7848
-14.9119	6.79225
2.45832	-5.7515
-6.98293	-8.85969
-11.6702	3.63277
5.63488	-2.76725
-2.97437	-2.78724
-1.72915	-3.49992
2.27176	-13.2993
-13.6692	-1.62685
4.20416	-14.8013
-20.444	2.67045
2.56834	-13.5217
-13.1216	-6.05275
-7.09097	-1.8477
3.3071	-12.9036
-11.6121	7.41018
7.23581	-3.89862
-3.9338	-15.2709
-12.9871	-9.29854
-4.18538	-11.8783
-12.8438	2.37167
4.22927	-13.9142
-11.9995	-1.42218
-4.31728	2.70739
2.44533	-3.30728
0.979784	-5.41267
-6.36597	-3.38735
-2.61154	6.15686
2.05074	-16.2405
-21.4209	-8.94391
-4.42554	-8.97073
-12.7225	-6.31663
-9.1701	-7.79288
-6.82222	-14.7909
-11.528	-0.723036
0.208063	-9.91976
-7.79117	8.34977
8.21781	-2.4097
-3.20498	-1.24378
-1.51806	-12.513
-8.18931	-4.45186
-5.53138	-9.68682
-10.3646	-12.6892
-12.403	-13.8038
-12.4506	-12.2728
-10.6192	-1.63391
-4.47381	0.772153
0.214323	-4.52648
-3.82203	-0.442025
-3.27148	-5.73067
-2.11367	-2.35826
0.52299	-0.670076
2.87646	-11.8099
-14.5124	1.36992
0.888172	-7.76587
-7.29882	-1.92379
0.984656	-6.57842
-3.76761	1.7559
-2.0733	5.40416
-1.58981	0.60385
9.14096	-1.93454
-4.64012	-4.64713
0.968258	4.34379
0.755038	-0.955008
-1.83234	-17.6177
-16.9961	-10.5482
-11.7311	-9.63793
-11.3324	-14.5924
-15.5143	-0.740764
3.7857	1.95258
-6.97331	6.30724
4.39514	-1.01139
-8.28079	-5.108
-11.3015	-2.36191
-1.68914	-0.41449
-2.15634	-2.69508
-2.9739	-1.74427
-1.00075	1.94944
-0.449867	3.20439
4.16487	-10.7713
-8.25449	-11.9356
-3.03426	-3.49951
-4.06162	7.66369
17.0665	-6.4183
-3.68093	-9.54524
-11.6409	-4.21263
-6.04272	-5.35724
-3.90144	-2.33438
0.00154273	-3.42062
-1.20205	-14.4261
-14.3502	-16.0409
-11.9037	-16.0375
-15.7877	-4.01397
-0.192663	-5.66908
-5.60758	2.42458
6.19279	4.04413
1.57999	-6.44909
-6.81242	-10.7011
-5.40673	-6.86653
-1.38807	2.40188
-4.29316	-21.7491
-26.124	-3.59861
-0.258644	-11.6776
-14.0952	-6.67102
-13.6017	-9.43424
-11.7879	-10.1777
-1.50171	-0.911875
-3.0871	-0.584459
-1.59018	3.71705
4.00442	-4.60937
-4.66432	3.65472
-3.4754	-0.171051
-0.639907	-18.3504
-14.4115	-6.84889
-4.34376	3.41766
-5.24829	-4.50052
-10.2214	5.99627
8.26016	1.98318
0.473879	0.168489
1.35581	-1.21854
-0.496222	-5.63314
1.23608	-3.05585
-2.08735	-8.97883
-11.2573	-2.39746
-2.25393	-1.65969
-0.657902	-11.7584
-13.6093	-13.2047
-11.0442	-15.8128
-13.6119	-2.2914
2.00595	-6.89424
-2.92674	-6.46247
-3.07149	-5.07395
-3.22204	4.24944
-2.07083	0.478139
-0.289086	-8.91874
-7.06839	-4.34012
-3.27193	-5.74283
-5.92765	-8.01412
-15.1915	-8.824
-11.2324	-0.0770075
-4.788	-6.78843
-4.64011	-8.4696
-6.69398	-1.18978
-5.28135	-13.9312
-9.54026	-3.16908
-2.33327	4.95608
5.23874	-1.24229
-2.27423	-2.11189
2.20365	-15.7324
-13.6901	-8.83549
-7.23396	-2.51305
-5.56747	-0.444818
-2.719	-3.22354
-4.2108	-9.36183
-6.6787	-0.628033
-1.37018	-4.96788
-3.52188	0.652685
0.595428	-0.266895
4.48083	6.3522
3.59874	-0.55017
-0.388077	-25.263
-26.9387	-2.91437
-0.710562	-4.32357
-9.38321	2.25087
3.15416	-1.57395
-3.11559	4.28553
5.28786	0.439045
1.92152	0.569901
-1.41197	2.79757
13.5751	2.81373
2.09479	6.1557
9.20583	1.17655
4.39895	-21.3714
-18.9541	-7.95
-7.80023	-8.03703
-5.27584	-4.87809
-7.90898	-13.6124
-11.2198	4.49035
-1.7425	2.14454
-0.280565	-4.25012
-2.80991	-0.278562
1.66766	3.90278
1.75807	0.0399574
2.85152	-3.10386
-16.9931	-11.2249
-12.543	-1.06755
3.56586	-10.5023
-9.5674	-9.37179
-8.77255	-4.34526
2.1506	2.1714
2.39333	-6.33629
-9.75416	-2.42426
4.28481	-2.53815
-1.96119	7.67454
2.55394	4.33455
-3.26843	-17.9921
-18.1177	-10.2596
-8.82498	-9.59636
-12.7663	-11.8083
-11.1651	-6.37171
-7.72952	-6.98525
-4.04335	2.83347
0.294398	-9.9699
-11.1246	8.80869
4.18125	5.39385
9.59079	-3.09885
-2.47916	-5.56046
0.425734	-19.166
-18.9814	-13.1147
-11.8353	-6.46386
-5.61741	-4.11633
-9.45059	-6.82952
-6.1665	-8.93411
-5.35841	0.0286597
2.24629	-8.17338
-5.06401	3.12486
4.62473	-2.66327
-3.7805	2.35533
3.6026	-0.209497
-0.425166	-18.797
-19.3986	-14.7315
-15.9305	-1.89475
1.11583	-7.01519
-9.49255	-4.61687
8.01049	-2.88672
-6.56671	0.962048
2.69807	-13.2806
-14.6599	-4.89944
1.67409	0.589378
1.37475	-9.89854
-8.64882	-3.09877
-1.57686	-1.0354
-1.21323	-7.36007
-8.67256	-12.8663
-11.8187	-18.2176
-16.9039	-1.40685
-2.08726	-11.7293
-9.72709	7.80562
5.26033	-1.16187
-2.15662	-12.314
-12.2576	-8.79844
-8.08057	-3.02576
-5.59628	4.36663
1.38818	-16.665
-21.9232	-4.71683
-0.727318	-11.0876
-14.1876	-3.30558
-3.81592	-5.0826
-5.87982	-0.28108
0.033553	4.3061
5.77854	-4.116
-2.89842	8.3063
7.41586	-0.467457
0.35087	-1.05677
-5.34475	-1.46147
-0.573194	-17.4501
-11.6152	-6.31798
-5.82103	-5.58688
-8.65117	-17.3116
-17.888	-12.7863
-14.9954	-1.45002
2.38434	7.00055
9.03485	-6.67122
-4.48548	3.25992
2.81166	-8.21778
-7.84313	-0.25929
-1.91081	-2.62635
-4.7068	-3.37385
-2.85492	-6.12343
-6.84036	-14.6211
-14.595	-15.6289
-12.3889	-1.2238
-1.38752	-5.29955
-6.85173	8.64986
9.9456	1.94223
0.352041	-9.61335
-10.002	-6.31955
-4.12549	-8.62695
-5.95931	-0.715096
-1.81029	-3.22089
-3.9014	-4.69699
-4.86163	-2.59771
-0.947027	-11.3449
-9.6133	-15.9655
-19.2373	-3.12651
-0.326225	-8.40516
-10.4667	-3.2351
-3.24052	1.71125
0.250822	-8.97803
-7.52712	5.53375
8.97621	-6.7622
-2.18162	-11.8335
-6.77662	0.513578
1.73461	-5.154
-3.63062	-14.7915
-16.2238	-10.3054
-7.26722	-7.62131
-3.14885	-9.36526
-9.40261	0.0864768
2.68252	-4.84077
-6.52815	0.178654
-1.4793	5.24354
6.55567	-6.83955
-6.20201	-5.36041
-7.28144	-0.699362
-0.986552	5.04467
3.04131	-8.30105
-15.2628	-13.5903
-13.6117	-5.59615
-5.48497	-5.30921
-2.11449	-5.43447
-7.27139	-3.33944
-0.889597	-1.11286
0.763684	-0.968018
-4.07915	-3.34441
-2.17881	-6.37029
-7.67633	-11.6904
-13.5777	-9.45805
-9.09516	-15.2688
-12.8768	2.94126
1.7644	-8.46333
-7.7687	9.84146
11.6972	-5.88176
-4.13039	-12.2696
-12.6853	4.60489
-1.11956	-5.90137
-9.43113	5.52282
0.255479	-11.3985
-9.78064	-13.6627
-12.0723	-6.04377
-5.95227	-15.8573
-12.6529	-8.84023
0.0584772	-7.43469
-6.77941	0.32315
4.83509	-7.27146
-3.59098	-2.08882
-5.52467	-0.0612764
-1.54225	-3.57967
-7.14266	-1.26504
-0.597376	-14.26
-16.685	-13.4557
-9.6212	0.89742
-0.622288	-8.28205
-8.56429	-6.35056
-12.6888	-5.98393
-0.820779	3.51431
6.13313	5.50374
2.79016	0.607071
-2.26824	-2.96119
-6.20983	-3.26374
-2.58177	-4.45441
-3.07461	-6.15183
-4.37515	-15.1581
-12.3744	-18.3298
-15.487	-17.5759
-17.1463	4.55834
0.756116	-6.2385
-5.29296	4.00625
1.41711	5.05653
7.65388	-3.72413
-0.186416	-2.46299
-7.22422	-2.60327
-3.16973	3.67188
1.14597	-4.28812
-1.93558	-8.84269
-7.90699	-9.77184
-14.5841	-14.2828
-15.5727	-12.6021
-13.354	3.94789
2.36074	3.60476
-0.859193	-11.9796
-11.3754	0.752769
1.00473	2.14863
-0.262657	12.281
10.9585	-11.7574
-12.9831	-0.235474
-0.747266	-5.41111
-7.04553	-11.4439
-15.0127	-16.3153
-13.3001	-6.87633
-7.25887	-2.02889
-4.09037	4.44479
3.78515	4.20815
6.57599	-7.19444
-7.06536	-7.07683
-5.10852	-4.14464
-6.87719	7.6516
3.26251	-6.28643
-5.87245	-11.5067
-12.1444	-5.07032
-1.77937	-14.6056
-9.73746	1.59876
1.75526	-6.98817
-8.19845	-0.138203
-1.06499	-2.42713
-3.60612	-4.26811
-4.24527	-5.8677
-6.16412	0.062866
4.02167	3.85848
0.485711	-3.65999
-3.93631	-1.06522
-3.05727	-0.295706
-1.93648	-13.5518
-11.302	-3.87879
-0.550937	-16.3475
-15.9594	2.49049
0.492917	-21.8587
-22.4757	-6.16237
-10.704	13.4441
13.8975	-5.35925
-4.61151	-1.31019
-0.227222	-7.23292
-7.15771	-13.1115
-15.9913	-9.74486
-8.89958	-6.61782
-4.89632	0.727707
-0.899978	-16.5909
-11.5668	7.15547
-2.30028	-8.84931
-7.6487	0.358148
3.31474	8.78822
6.63118	2.04924
5.88011	-1.13062
0.334464	-16.6496
-10.7987	-16.7656
-18.0145	-5.76116
-6.85616	-6.32131
-5.95338	2.51569
-0.542728	-18.9166
-13.4935	-2.1283
-0.286629	-3.13805
-3.23322	-14.0709
-12.0939	-4.14265
-6.06662	-4.94145
-4.32371	3.50156
-0.0417753	-3.10803
-4.37663	-8.99365
-9.35745	-6.92482
-13.534	-8.57431
-11.0013	-5.89278
-4.64315	-4.83068
-3.72842	9.42423
9.99348	1.73202
-0.635378	9.01681
2.93457	-8.01562
-5.20435	4.05796
-2.55313	1.24213
2.24117	-7.68204
-10.9723	-16.0648
-16.6267	-6.95608
-7.37397	-10.55
-12.941	-10.9068
-8.92898	-2.96377
-5.98618	-0.114672
-4.78121	-5.10342
-3.90316	10.5474
6.13342	-8.75813
-10.5272	-9.12185
-7.94517	7.50768
4.86507	-4.23366
-3.82315	-15.5477
-16.1345	-18.3868
-18.8873	-10.2657
-11.266	-3.83132
-7.04903	-7.3051
-5.87353	7.4749
9.30147	5.16656
0.962578	-15.8603
-14.6416	-4.9698
-3.72151	-0.311581
-0.271143	-0.414701
0.166158	-3.24477
-2.46895	-12.6706
-9.17859	-2.33364
-3.77464	-7.39087
-8.70078	-14.4339
-13.8396	-9.9472
-10.4603	-6.02487
-7.7731	-6.03214
-4.05251	-5.32199
-10.889	-4.64235
-1.19017	2.69727
1.38216	5.08926
0.754634	-9.30424
-9.56268	-2.42467
-1.78056	-7.05285
-0.796948	-9.33612
-12.1925	-16.9692
-16.2841	-3.34869
-9.53006	-1.86505
-6.89749	-6.17561
-7.13225	-2.31757
-1.93314	-9.08593
-6.69212	-0.973087
-0.153494	1.09649
3.32681	-4.53032
-2.77424	-0.43927
-1.45617	3.51659
3.03449	-12.0285
-11.0403	-17.4059
-14.1341	-11.8644
-12.8928	-2.74784
-1.32717	-8.79719
-5.3564	-4.12447
-6.04204	1.35157
2.18795	5.30059
0.341132	2.22749
6.97232	-16.8494
-18.7906	-8.46537
-9.787	-3.71337
-4.68044	-3.29743
-6.50243	-6.76295
-5.42564	-8.25646
-3.60821	-1.93219
-5.09056	-3.00063
1.17336	5.43287
-15.8939	-13.867
-13.3483	-6.42779
-6.42691	-7.90425
-8.47991	-0.724198
10.7257	-7.36146
-7.12967	4.77206
-0.886903	7.98003
1.19453	2.59075
-1.22119	4.00665
6.80487	-1.89215
-10.1549	2.9775
1.36505	-5.09199
-4.82379	-11.1748
-12.4336	-13.5922
-13.4287	-12.4729
-11.2979	-10.832
-9.72781	-5.19412
-4.38425	7.64839
2.58217	-3.85201
-3.67092	3.77911
-0.644891	0.0345692
-4.53229	0.602008
0.922019	-3.87722
-3.67437	-26.5765
-24.8723	1.15918
-6.86214	-8.37388
-7.44559	-10.0823
-7.12867	-4.13694
-6.42095	-10.1882
-10.8661	2.05926
1.25944	-2.38186
-4.18824	2.0507
-1.27184	-0.144331
-2.97109	2.42613
3.97439	3.68502
-2.07174	-4.904
-3.24193	-6.0255
-5.12079	-3.89464
-5.08395	-15.6628
-14.7461	-10.8584
-10.362	6.62153
-0.230432	4.13957
8.73955	-13.7733
-13.1515	-0.510058
-0.272675	7.14601
4.28075	-7.44155
-5.88279	-2.49328
-3.65987	0.64453
-2.08584	-11.7628
-12.4107	-14.4231
-14.0249	-18.6201
-13.3005	2.61073
0.0676031	-4.50349
-3.56627	4.69435
4.90575	9.26494
6.53819	-18.0906
-17.0804	-4.54489
-6.85031	1.50388
0.16316	-1.37381
-2.68869	-4.0435
-5.73384	-13.1172
-16.4367	-7.5189
-9.5602	-13.1373
-11.572	-4.46475
-10.127	2.30451
6.23443	2.92443
7.32318	2.44391
-1.61778	-1.06707
-1.53363	-3.0464
0.934739	-1.95285
-1.38268	-4.23741
0.0212061	-3.58971
-4.56307	-9.15216
-9.21347	-12.422
-11.772	-16.9055
-16.1807	-5.28364
-5.28927	-5.18526
-4.5956	17.8582
11.7133	-14.4953
-13.874	-11.4356
-15.3005	4.6559
5.00096	-6.66366
-3.65837	-1.89299
-0.306972	-5.72439
-6.73782	-14.8153
-14.2279	-5.61237
-5.17654	-15.8283
-15.6034	-10.7919
-3.97512	2.4968
-4.75374	-1.79594
2.59101	-4.66685
-6.33977	-7.48319
-0.499752	1.94957
-1.39113	-4.10634
-4.92649	0.129627
0.394361	-13.9246
-14.9359	-17.0982
-16.5815	-6.32581
-1.36359	-11.7838
-8.89354	-5.66083
-0.0720591	0.202767
0.683922	0.664687
2.42041	2.81715
-6.29533	-4.97814
-0.934868	0.193793
-3.10581	1.365
0.816982	-5.4287
-2.6856	-11.4606
-9.31556	-2.56818
-2.81376	-8.28174
-8.81669	-22.3099
-21.817	-10.2764
-15.228	-4.02841
-2.39499	-0.340813
-2.23458	-1.51093
-3.76551	5.35272
11.5928	-1.4316
0.687385	-0.691433
3.33883	-3.73436
-0.901295	-14.8316
-10.2626	2.45679
0.941471	-12.4818
-15.2711	-12.1645
-11.4434	-4.06061
-2.65402	-7.24228
-7.26842	3.61546
2.08428	7.75761
1.35338	-12.9017
-11.5703	-7.07528
-7.59824	-3.13902
1.07204	2.62754
4.22717	-7.44581
-8.68126	-15.4174
-18.5034	-9.68328
-8.13604	-7.6663
-12.3228	-0.618314
0.828389	-2.51161
-0.154743	6.67748
4.26845	-5.09827
-0.406293	-1.55871
-3.99666	-11.6662
-16.4752	2.36709
0.0139014	-3.89576
0.734689	-7.92565
-5.35416	-11.5097
-11.1221	-11.0838
-11.5924	-15.0968
-11.6327	-4.44701
-0.991964	-4.21372
-2.11705	2.11084
1.4534	4.49997
5.4446	-0.45082
-5.91083	-8.0224
-3.35739	1.19924
0.915832	-0.418219
-3.39762	-15.1466
-8.16953	-10.7681
-12.1048	-9.72868
-8.39501	-20.0081
-18.8133	-13.5337
-14.5347	3.15424
1.75475	-0.775118
1.31863	-5.8327
-0.780144	-3.62978
-2.57752	3.53584
5.53509	-4.21409
-6.35763	0.974645
-8.77805	-23.4867
-25.9583	-9.18412
-7.93489	-7.20181
-7.91039	-2.85451
-0.077006	-5.08015
-2.7223	2.33212
-0.977153	8.25888
5.39141	4.77343
-0.128831	4.57572
2.85825	0.0692313
-2.43647	4.99722
0.555638	-4.59211
-6.57045	-18.4909
-13.491	-7.43424
-7.09882	-5.0455
-8.03937	-13.7592
-18.8693	-4.70083
-3.96334	4.77641
3.3055	14.2569
12.1946	-11.2358
-12.5284	-13.8139
-16.0829	4.83792
4.68261	-5.96285
-8.75525	-1.90167
-1.95882	-14.6835
-16.0449	-9.49986
-12.6542	-8.96232
-7.79314	-12.0208
-12.8741	6.00742
5.24803	-11.3528
-9.94264	-2.3501
-2.07709	-6.201
-4.08448	-10.8036
-4.96941	-3.07425
-1.25145	-4.35072
-8.92153	-1.80411
0.0499898	-8.67882
-7.3231	-5.83106
-7.60151	0.157522
-4.26476	-13.5225
-11.6982	-2.46042
4.37786	-15.0505
-12.5104	-4.68851
-4.94875	-8.68286
-9.44785	-11.2455
-6.03186	7.76711
10.0989	-0.0866012
4.93564	-3.15174
1.64036	-10.2179
-13.4034	-10.7627
-8.18161	-6.10371
-0.822864	-3.43656
-6.81301	1.52334
0.551926	-14.1132
-10.9383	-0.978551
1.35649	-2.64883
4.09927	8.28883
4.77043	-1.29863
4.77966	-1.63076
2.55836	-3.97363
-6.57532	-21.1982
-21.4657	-12.0024
-13.5857	4.69949
2.38097	-7.23727
-8.89927	-10.4539
-7.34534	-2.03137
-2.41457	-1.2017
3.40305	6.00204
4.96818	7.50366
6.32816	-2.93751
-1.84979	-3.62425
-7.45002	-5.89541
-6.71938	-18.2086
-17.1619	-15.3316
-15.2679	0.189894
1.64083	-10.233
-9.62706	-10.6758
-11.1856	4.36427
3.5786	1.15809
-3.6719	6.64739
-0.0501329	0.739926
2.29162	0.227621
6.55437	-3.68037
-1.57684	-4.64855
-3.75582	-15.2248
-16.4865	-15.2721
-13.8864	-4.96853
-3.73367	-10.4956
-10.5709	-11.745
-8.02738	-1.46769
-3.54407	7.60861
-12.6027	-15.9654
-15.7908	-6.92806
-8.40485	-6.54509
-3.31038	-6.18173
-9.59981	-2.63577
-4.6753	-1.25951
1.0912	0.067432
4.30491	8.2908
5.28005	3.38535
5.27124	0.904705
-2.53824	-4.72599
-5.02105	-13.2958
-9.93291	-8.38559
-6.31269	-13.9971
-13.9932	-19.3375
-15.5934	-8.01564
-12.507	0.740034
2.68761	6.54659
3.43639	-6.43183
-2.81984	7.30966
2.05745	2.57636
2.22847	-5.92621
-7.02674	-5.00307
-5.27463	-4.73988
-4.53934	-3.40414
-2.27826	4.92118
4.08024	-13.1498
-12.3333	-15.5836
-16.9181	-9.61326
-8.63689	0.203347
-0.550563	-12.0659
-12.7121	-8.00028
-2.5861	0.669189
1.98468	-5.31574
-4.49069	-2.92625
0.00867552	-5.81265
-6.89164	0.711076
0.0746373	-9.23801
-10.4562	-11.4627
-13.0236	-9.66631
-8.91792	-14.0798
-10.0785	10.3298
14.3171	-10.2536
-13.3247	6.15604
4.54237	-2.76129
-4.20003	-0.683465
0.322603	-8.76769
-6.77794	-5.51999
-3.08492	-5.92546
-4.86486	-3.78851
-3.43123	-12.5276
-5.74484	-13.5099
-14.9573	-1.74647
0.692268	-1.86223
-4.11081	-5.30479
-4.42995	-2.72399
-4.90793	1.93815
0.999256	-3.02216
-3.34784	-2.66567
-1.63687	-5.09717
-4.04227	0.165211
-2.0932	6.66247
8.17355	0.919387
-3.76302	-12.4845
-12.5741	-9.38313
-6.12876	-3.22856
2.95696	-6.18711
-4.48076	-7.26046
-3.78833	6.17379
3.47621	-13.0355
-11.8237	-1.42643
0.17191	-10.0047
-9.278	-8.43941
-5.85973	-4.75558
-0.218831	-13.6671
-11.7929	-15.5161
-16.8241	-4.89901
-3.51329	-5.28884
-4.00169	-12.7662
-13.7575	-0.597862
-3.3402	-1.79361
2.09209	-0.29126
1.4398	-5.63441
-4.7394	-8.55373
-7.21944	-1.56152
-0.874361	-1.81253
-2.59673	-16.473
-18.7795	-8.17916
-9.26722	-6.96505
-13.416	-1.43961
-0.217358	-7.41747
-5.23314	-16.2025
-13.3528	7.92793
7.99024	-7.43634
-1.46672	1.12344
3.024	-8.72461
-8.88408	-6.99131
-7.47374	-4.90842
-5.09704	-11.5807
-8.15031	-8.2126
-7.2217	-2.56217
-5.0741	4.43545
-0.244175	-13.6074
-11.565	-2.82179
-1.7807	1.76078
2.69983	-0.731521
3.28692	4.53941
-2.22451	-21.9773
-22.8848	-0.376554
-0.795758	-5.24971
-10.4968	-5.39144
2.49342	-10.4706
-14.4127	-0.717363
1.57635	0.89324
-0.0946614	-8.57451
-6.66466	-1.39558
-4.13637	3.04998
0.325435	2.82935
-1.94662	1.55916
1.91963	-6.36782
-7.06086	-11.7756
-6.71753	-6.06737
-8.57252	-10.4635
-10.9769	-11.3357
-12.727	-6.64933
-10.9347	5.03286
4.5002	2.48602
-1.23014	-6.20142
-4.82867	-2.68575
-0.850759	1.08743
3.44724	-0.708559
-1.95737	-13.4127
-10.741	-7.35136
-9.50854	-8.90657
-10.1272	-19.1441
-18.671	-12.2808
-15.5765	-2.9748
-4.78948	3.44254
-3.35585	-5.67301
-9.45049	-7.34149
-11.0843	6.52193
5.57326	-8.81306
0.710555	2.86354
2.77627	-8.10346
-7.51996	-2.24057
-2.50145	-0.78375
1.57004	-15.027
-11.1424	-16.2388
-11.9055	-8.91539
-5.79301	-5.8856
-6.54286	-2.67362
-0.740201	-8.76144
-9.96772	-5.27166
-5.26622	0.331901
-1.02517	-6.90894
-0.768121	-9.6118
-10.0277	0.24732
-1.39447	-4.19251
-3.18329	-13.4415
-9.94715	-13.4872
-14.507	-3.89249
-9.19774	-8.75561
-1.66386	-1.20344
-0.366674	-4.34283
-2.1375	1.48619
-0.0342737	5.33204
2.27237	-4.58511
-5.76207	-16.1819
-15.426	-0.541988
0.389657	-1.41695
3.52855	-10.5813
-16.6513	-10.8379
-9.20966	-9.85629
-13.0838	-6.2867
-3.56122	-1.06019
-5.51548	-11.7399
-9.8183	-2.71327
-0.198783	6.40049
4.58672	-1.81795
-4.58892	-14.383
-14.7816	-9.91945
-10.6898	-0.468612
-4.73482	-12.8128
-16.8544	-3.68265
-8.2868	-0.942535
-5.07425	13.7739
13.0323	-2.60273
1.32013	-19.582
-14.154	-0.940809
-2.09024	-3.85808
-7.10202	4.79362
0.201681	-8.33469
-5.47376	-8.45684
-5.5394	-1.9278
-0.377209	-19.706
-25.4647	-11.0129
-8.09674	-17.4644
-16.3099	-3.2413
-4.50595	4.30871
1.00137	-8.72527
-10.1867	-1.36692
0.777935	1.54621
6.23675	-2.94286
-5.70143	-9.74695
-13.7284	-10.1954
-11.8195	-1.36513
-3.62209	-6.87474
-11.0031	-9.54382
-6.52687	-6.70757
-3.67699	9.3506
13.6303	-6.09405
-7.17121	-5.30977
-6.66509	-1.94497
3.75417	-3.87596
-5.09488	7.68513
7.66355	-10.015
-12.8765	-16.2923
-15.9693	-10.9563
-8.69219	-13.815
-15.8697	-6.44852
-8.79392	6.14705
7.93591	6.26628
5.72896	-11.0122
-5.24007	-8.60367
-1.25385	-10.3244
-9.85467	0.931179
4.67577	2.89674
-1.12273	-16.554
-16.016	-15.3103
-16.8356	-5.96981
-3.31415	-10.9837
-11.2803	-8.46498
-8.77584	0.266777
5.89479	5.00363
2.05378	0.765115
1.68676	7.19445
1.60887	-3.14564
-0.521404	3.08522
2.42988	-2.43249
-1.3011	-19.526
-19.7172	-14.8601
-13.8476	-2.10588
-5.25887	-7.70816
-8.72925	-2.69527
-5.07137	1.14806
1.00447	-1.87904
4.75881	2.04532
3.55406	6.59409
1.03508	-1.53808
-0.0143483	0.410145
0.233192	-2.11518
0.0452404	-18.1834
-20.7287	-16.0793
